8191,0,3.40793e-28
8191,0.000488281,3.10614e-28
8191,0.000976562,2.86174e-28
8191,0.00146484,2.67062e-28
8191,0.00195312,2.52945e-28
8191,0.00244141,2.43567e-28
8191,0.00292969,2.38742e-28
8191,0.00341797,2.3835e-28
8191,0.00390625,2.42334e-28
8191,0.00439453,2.50707e-28
8191,0.00488281,2.63547e-28
8191,0.00537109,2.81008e-28
8191,0.00585938,3.03323e-28
8191,0.00634766,3.3081e-28
8191,0.00683594,3.63876e-28
8191,0.00732422,4.03021e-28
8191,0.0078125,4.48842e-28
8191,0.00830078,5.02036e-28
8191,0.00878906,5.63408e-28
8191,0.00927734,6.33877e-28
8191,0.00976562,7.14493e-28
8191,0.0102539,8.06455e-28
8191,0.0107422,9.11133e-28
8191,0.0112305,1.0301e-27
8191,0.0117188,1.16517e-27
8191,0.012207,1.31841e-27
8191,0.0126953,1.49217e-27
8191,0.0131836,1.68914e-27
8191,0.0136719,1.91236e-27
8191,0.0141602,2.16523e-27
8191,0.0146484,2.45159e-27
8191,0.0151367,2.77574e-27
8191,0.015625,3.14251e-27
8191,0.0161133,3.55737e-27
8191,0.0166016,4.02647e-27
8191,0.0170898,4.55679e-27
8191,0.0175781,5.15626e-27
8191,0.0180664,5.83386e-27
8191,0.0185547,6.59976e-27
8191,0.019043,7.46545e-27
8191,0.0195312,8.44387e-27
8191,0.0200195,9.54958e-27
8191,0.0205078,1.07989e-26
8191,0.0209961,1.22103e-26
8191,0.0214844,1.38043e-26
8191,0.0219727,1.56041e-26
8191,0.0224609,1.76361e-26
8191,0.0229492,1.99298e-26
8191,0.0234375,2.25186e-26
8191,0.0239258,2.54403e-26
8191,0.0244141,2.87374e-26
8191,0.0249023,3.2458e-26
8191,0.0253906,3.66559e-26
8191,0.0258789,4.1392e-26
8191,0.0263672,4.67345e-26
8191,0.0268555,5.276e-26
8191,0.0273438,5.95547e-26
8191,0.027832,6.72155e-26
8191,0.0283203,7.58513e-26
8191,0.0288086,8.55849e-26
8191,0.0292969,9.65546e-26
8191,0.0297852,1.08916e-25
8191,0.0302734,1.22844e-25
8191,0.0307617,1.38536e-25
8191,0.03125,1.56213e-25
8191,0.0317383,1.76124e-25
8191,0.0322266,1.98548e-25
8191,0.0327148,2.23799e-25
8191,0.0332031,2.52229e-25
8191,0.0336914,2.84234e-25
8191,0.0341797,3.20258e-25
8191,0.034668,3.608e-25
8191,0.0351562,4.06421e-25
8191,0.0356445,4.57751e-25
8191,0.0361328,5.15496e-25
8191,0.0366211,5.80453e-25
8191,0.0371094,6.53511e-25
8191,0.0375977,7.35672e-25
8191,0.0380859,8.28058e-25
8191,0.0385742,9.31928e-25
8191,0.0390625,1.04869e-24
8191,0.0395508,1.17994e-24
8191,0.0400391,1.32744e-24
8191,0.0405273,1.49318e-24
8191,0.0410156,1.6794e-24
8191,0.0415039,1.8886e-24
8191,0.0419922,2.12359e-24
8191,0.0424805,2.3875e-24
8191,0.0429688,2.68387e-24
8191,0.043457,3.01665e-24
8191,0.0439453,3.39025e-24
8191,0.0444336,3.80965e-24
8191,0.0449219,4.28037e-24
8191,0.0454102,4.80865e-24
8191,0.0458984,5.40144e-24
8191,0.0463867,6.06652e-24
8191,0.046875,6.81261e-24
8191,0.0473633,7.64948e-24
8191,0.0478516,8.58804e-24
8191,0.0483398,9.64052e-24
8191,0.0488281,1.08206e-23
8191,0.0493164,1.21436e-23
8191,0.0498047,1.36265e-23
8191,0.050293,1.52887e-23
8191,0.0507812,1.71514e-23
8191,0.0512695,1.92386e-23
8191,0.0517578,2.1577e-23
8191,0.0522461,2.41965e-23
8191,0.0527344,2.71306e-23
8191,0.0532227,3.04165e-23
8191,0.0537109,3.40961e-23
8191,0.0541992,3.82159e-23
8191,0.0546875,4.28279e-23
8191,0.0551758,4.79905e-23
8191,0.0556641,5.37684e-23
8191,0.0561523,6.02344e-23
8191,0.0566406,6.74692e-23
8191,0.0571289,7.55634e-23
8191,0.0576172,8.46179e-23
8191,0.0581055,9.47451e-23
8191,0.0585938,1.06071e-22
8191,0.059082,1.18735e-22
8191,0.0595703,1.32895e-22
8191,0.0600586,1.48723e-22
8191,0.0605469,1.66416e-22
8191,0.0610352,1.8619e-22
8191,0.0615234,2.08287e-22
8191,0.0620117,2.32977e-22
8191,0.0625,2.6056e-22
8191,0.0629883,2.91371e-22
8191,0.0634766,3.25784e-22
8191,0.0639648,3.64215e-22
8191,0.0644531,4.07127e-22
8191,0.0649414,4.55037e-22
8191,0.0654297,5.0852e-22
8191,0.065918,5.68217e-22
8191,0.0664062,6.3484e-22
8191,0.0668945,7.09184e-22
8191,0.0673828,7.92133e-22
8191,0.0678711,8.84671e-22
8191,0.0683594,9.87893e-22
8191,0.0688477,1.10302e-21
8191,0.0693359,1.2314e-21
8191,0.0698242,1.37455e-21
8191,0.0703125,1.53415e-21
8191,0.0708008,1.71206e-21
8191,0.0712891,1.91035e-21
8191,0.0717773,2.13134e-21
8191,0.0722656,2.37759e-21
8191,0.0727539,2.65195e-21
8191,0.0732422,2.9576e-21
8191,0.0737305,3.29804e-21
8191,0.0742188,3.67721e-21
8191,0.074707,4.09945e-21
8191,0.0751953,4.56959e-21
8191,0.0756836,5.09299e-21
8191,0.0761719,5.67562e-21
8191,0.0766602,6.32409e-21
8191,0.0771484,7.04575e-21
8191,0.0776367,7.84877e-21
8191,0.078125,8.74218e-21
8191,0.0786133,9.73606e-21
8191,0.0791016,1.08415e-20
8191,0.0795898,1.2071e-20
8191,0.0800781,1.34382e-20
8191,0.0805664,1.49583e-20
8191,0.0810547,1.66482e-20
8191,0.081543,1.85267e-20
8191,0.0820312,2.06145e-20
8191,0.0825195,2.29347e-20
8191,0.0830078,2.55127e-20
8191,0.0834961,2.83769e-20
8191,0.0839844,3.15587e-20
8191,0.0844727,3.50927e-20
8191,0.0849609,3.90175e-20
8191,0.0854492,4.33758e-20
8191,0.0859375,4.82146e-20
8191,0.0864258,5.35865e-20
8191,0.0869141,5.95493e-20
8191,0.0874023,6.61671e-20
8191,0.0878906,7.3511e-20
8191,0.0883789,8.16596e-20
8191,0.0888672,9.06999e-20
8191,0.0893555,1.00728e-19
8191,0.0898438,1.11851e-19
8191,0.090332,1.24186e-19
8191,0.0908203,1.37864e-19
8191,0.0913086,1.53029e-19
8191,0.0917969,1.69841e-19
8191,0.0922852,1.88475e-19
8191,0.0927734,2.09127e-19
8191,0.0932617,2.32013e-19
8191,0.09375,2.5737e-19
8191,0.0942383,2.85462e-19
8191,0.0947266,3.1658e-19
8191,0.0952148,3.51046e-19
8191,0.0957031,3.89214e-19
8191,0.0961914,4.31477e-19
8191,0.0966797,4.78268e-19
8191,0.097168,5.30066e-19
8191,0.0976562,5.87399e-19
8191,0.0981445,6.50851e-19
8191,0.0986328,7.21065e-19
8191,0.0991211,7.98751e-19
8191,0.0996094,8.84695e-19
8191,0.100098,9.79762e-19
8191,0.100586,1.08491e-18
8191,0.101074,1.20118e-18
8191,0.101562,1.32975e-18
8191,0.102051,1.47189e-18
8191,0.102539,1.62901e-18
8191,0.103027,1.80269e-18
8191,0.103516,1.99462e-18
8191,0.104004,2.20671e-18
8191,0.104492,2.44103e-18
8191,0.10498,2.6999e-18
8191,0.105469,2.98584e-18
8191,0.105957,3.30164e-18
8191,0.106445,3.65038e-18
8191,0.106934,4.03544e-18
8191,0.107422,4.46055e-18
8191,0.10791,4.92982e-18
8191,0.108398,5.44776e-18
8191,0.108887,6.01935e-18
8191,0.109375,6.65008e-18
8191,0.109863,7.34595e-18
8191,0.110352,8.11361e-18
8191,0.11084,8.96036e-18
8191,0.111328,9.89421e-18
8191,0.111816,1.0924e-17
8191,0.112305,1.20594e-17
8191,0.112793,1.33112e-17
8191,0.113281,1.4691e-17
8191,0.11377,1.62118e-17
8191,0.114258,1.78878e-17
8191,0.114746,1.97345e-17
8191,0.115234,2.1769e-17
8191,0.115723,2.40103e-17
8191,0.116211,2.6479e-17
8191,0.116699,2.91978e-17
8191,0.117188,3.21917e-17
8191,0.117676,3.5488e-17
8191,0.118164,3.91169e-17
8191,0.118652,4.31114e-17
8191,0.119141,4.75078e-17
8191,0.119629,5.23458e-17
8191,0.120117,5.76692e-17
8191,0.120605,6.35259e-17
8191,0.121094,6.99686e-17
8191,0.121582,7.70548e-17
8191,0.12207,8.48479e-17
8191,0.122559,9.34174e-17
8191,0.123047,1.02839e-16
8191,0.123535,1.13197e-16
8191,0.124023,1.24582e-16
8191,0.124512,1.37095e-16
8191,0.125,1.50846e-16
8191,0.125488,1.65954e-16
8191,0.125977,1.82553e-16
8191,0.126465,2.00786e-16
8191,0.126953,2.20813e-16
8191,0.127441,2.42806e-16
8191,0.12793,2.66955e-16
8191,0.128418,2.9347e-16
8191,0.128906,3.22577e-16
8191,0.129395,3.54526e-16
8191,0.129883,3.89589e-16
8191,0.130371,4.28067e-16
8191,0.130859,4.70284e-16
8191,0.131348,5.166e-16
8191,0.131836,5.67406e-16
8191,0.132324,6.23129e-16
8191,0.132812,6.84237e-16
8191,0.133301,7.51243e-16
8191,0.133789,8.24706e-16
8191,0.134277,9.05238e-16
8191,0.134766,9.93508e-16
8191,0.135254,1.09025e-15
8191,0.135742,1.19625e-15
8191,0.13623,1.3124e-15
8191,0.136719,1.43964e-15
8191,0.137207,1.57902e-15
8191,0.137695,1.73167e-15
8191,0.138184,1.89884e-15
8191,0.138672,2.08189e-15
8191,0.13916,2.28229e-15
8191,0.139648,2.50166e-15
8191,0.140137,2.74177e-15
8191,0.140625,3.00455e-15
8191,0.141113,3.29209e-15
8191,0.141602,3.6067e-15
8191,0.14209,3.95087e-15
8191,0.142578,4.32733e-15
8191,0.143066,4.73906e-15
8191,0.143555,5.18932e-15
8191,0.144043,5.68163e-15
8191,0.144531,6.21986e-15
8191,0.14502,6.80822e-15
8191,0.145508,7.45128e-15
8191,0.145996,8.15406e-15
8191,0.146484,8.92198e-15
8191,0.146973,9.76099e-15
8191,0.147461,1.06775e-14
8191,0.147949,1.16787e-14
8191,0.148438,1.27721e-14
8191,0.148926,1.39661e-14
8191,0.149414,1.52698e-14
8191,0.149902,1.6693e-14
8191,0.150391,1.82466e-14
8191,0.150879,1.99423e-14
8191,0.151367,2.17928e-14
8191,0.151855,2.3812e-14
8191,0.152344,2.6015e-14
8191,0.152832,2.84182e-14
8191,0.15332,3.10395e-14
8191,0.153809,3.38983e-14
8191,0.154297,3.70157e-14
8191,0.154785,4.04147e-14
8191,0.155273,4.41202e-14
8191,0.155762,4.81593e-14
8191,0.15625,5.25616e-14
8191,0.156738,5.73591e-14
8191,0.157227,6.25865e-14
8191,0.157715,6.82816e-14
8191,0.158203,7.44856e-14
8191,0.158691,8.1243e-14
8191,0.15918,8.86022e-14
8191,0.159668,9.66159e-14
8191,0.160156,1.05341e-13
8191,0.160645,1.1484e-13
8191,0.161133,1.25179e-13
8191,0.161621,1.36431e-13
8191,0.162109,1.48677e-13
8191,0.162598,1.62001e-13
8191,0.163086,1.76497e-13
8191,0.163574,1.92266e-13
8191,0.164062,2.09417e-13
8191,0.164551,2.28069e-13
8191,0.165039,2.48351e-13
8191,0.165527,2.70403e-13
8191,0.166016,2.94375e-13
8191,0.166504,3.20433e-13
8191,0.166992,3.48752e-13
8191,0.16748,3.79527e-13
8191,0.167969,4.12965e-13
8191,0.168457,4.49292e-13
8191,0.168945,4.88754e-13
8191,0.169434,5.31614e-13
8191,0.169922,5.78159e-13
8191,0.17041,6.287e-13
8191,0.170898,6.83573e-13
8191,0.171387,7.43142e-13
8191,0.171875,8.07799e-13
8191,0.172363,8.77972e-13
8191,0.172852,9.54119e-13
8191,0.17334,1.03674e-12
8191,0.173828,1.12637e-12
8191,0.174316,1.2236e-12
8191,0.174805,1.32906e-12
8191,0.175293,1.44341e-12
8191,0.175781,1.56742e-12
8191,0.17627,1.70186e-12
8191,0.176758,1.84759e-12
8191,0.177246,2.00556e-12
8191,0.177734,2.17675e-12
8191,0.178223,2.36226e-12
8191,0.178711,2.56326e-12
8191,0.179199,2.78101e-12
8191,0.179688,3.01687e-12
8191,0.180176,3.27233e-12
8191,0.180664,3.54897e-12
8191,0.181152,3.84851e-12
8191,0.181641,4.1728e-12
8191,0.182129,4.52386e-12
8191,0.182617,4.90383e-12
8191,0.183105,5.31504e-12
8191,0.183594,5.76001e-12
8191,0.184082,6.24144e-12
8191,0.18457,6.76226e-12
8191,0.185059,7.32561e-12
8191,0.185547,7.9349e-12
8191,0.186035,8.59378e-12
8191,0.186523,9.3062e-12
8191,0.187012,1.00764e-11
8191,0.1875,1.0909e-11
8191,0.187988,1.18089e-11
8191,0.188477,1.27813e-11
8191,0.188965,1.38322e-11
8191,0.189453,1.49675e-11
8191,0.189941,1.6194e-11
8191,0.19043,1.75188e-11
8191,0.190918,1.89496e-11
8191,0.191406,2.04947e-11
8191,0.191895,2.21629e-11
8191,0.192383,2.3964e-11
8191,0.192871,2.59081e-11
8191,0.193359,2.80064e-11
8191,0.193848,3.02708e-11
8191,0.194336,3.27142e-11
8191,0.194824,3.53504e-11
8191,0.195312,3.81942e-11
8191,0.195801,4.12615e-11
8191,0.196289,4.45696e-11
8191,0.196777,4.81369e-11
8191,0.197266,5.19831e-11
8191,0.197754,5.61296e-11
8191,0.198242,6.05992e-11
8191,0.19873,6.54164e-11
8191,0.199219,7.06078e-11
8191,0.199707,7.62015e-11
8191,0.200195,8.2228e-11
8191,0.200684,8.87199e-11
8191,0.201172,9.57123e-11
8191,0.20166,1.03243e-10
8191,0.202148,1.11352e-10
8191,0.202637,1.20083e-10
8191,0.203125,1.29482e-10
8191,0.203613,1.39599e-10
8191,0.204102,1.50488e-10
8191,0.20459,1.62206e-10
8191,0.205078,1.74814e-10
8191,0.205566,1.88378e-10
8191,0.206055,2.0297e-10
8191,0.206543,2.18664e-10
8191,0.207031,2.35542e-10
8191,0.20752,2.53691e-10
8191,0.208008,2.73204e-10
8191,0.208496,2.9418e-10
8191,0.208984,3.16728e-10
8191,0.209473,3.40961e-10
8191,0.209961,3.67002e-10
8191,0.210449,3.94982e-10
8191,0.210938,4.25042e-10
8191,0.211426,4.57331e-10
8191,0.211914,4.92013e-10
8191,0.212402,5.29257e-10
8191,0.212891,5.69249e-10
8191,0.213379,6.12187e-10
8191,0.213867,6.5828e-10
8191,0.214355,7.07755e-10
8191,0.214844,7.60852e-10
8191,0.215332,8.17831e-10
8191,0.21582,8.78966e-10
8191,0.216309,9.44552e-10
8191,0.216797,1.0149e-09
8191,0.217285,1.09036e-09
8191,0.217773,1.17128e-09
8191,0.218262,1.25804e-09
8191,0.21875,1.35107e-09
8191,0.219238,1.45079e-09
8191,0.219727,1.55767e-09
8191,0.220215,1.67222e-09
8191,0.220703,1.79496e-09
8191,0.221191,1.92648e-09
8191,0.22168,2.06737e-09
8191,0.222168,2.21828e-09
8191,0.222656,2.37992e-09
8191,0.223145,2.55301e-09
8191,0.223633,2.73834e-09
8191,0.224121,2.93676e-09
8191,0.224609,3.14917e-09
8191,0.225098,3.37651e-09
8191,0.225586,3.61981e-09
8191,0.226074,3.88015e-09
8191,0.226562,4.15869e-09
8191,0.227051,4.45668e-09
8191,0.227539,4.77541e-09
8191,0.228027,5.1163e-09
8191,0.228516,5.48083e-09
8191,0.229004,5.8706e-09
8191,0.229492,6.2873e-09
8191,0.22998,6.73273e-09
8191,0.230469,7.20882e-09
8191,0.230957,7.7176e-09
8191,0.231445,8.26125e-09
8191,0.231934,8.84209e-09
8191,0.232422,9.46259e-09
8191,0.23291,1.01254e-08
8191,0.233398,1.08332e-08
8191,0.233887,1.1589e-08
8191,0.234375,1.23961e-08
8191,0.234863,1.32577e-08
8191,0.235352,1.41773e-08
8191,0.23584,1.51589e-08
8191,0.236328,1.62064e-08
8191,0.236816,1.73242e-08
8191,0.237305,1.85166e-08
8191,0.237793,1.97887e-08
8191,0.238281,2.11456e-08
8191,0.23877,2.25926e-08
8191,0.239258,2.41356e-08
8191,0.239746,2.57808e-08
8191,0.240234,2.75347e-08
8191,0.240723,2.94042e-08
8191,0.241211,3.13967e-08
8191,0.241699,3.352e-08
8191,0.242188,3.57825e-08
8191,0.242676,3.81929e-08
8191,0.243164,4.07605e-08
8191,0.243652,4.34953e-08
8191,0.244141,4.64077e-08
8191,0.244629,4.9509e-08
8191,0.245117,5.28109e-08
8191,0.245605,5.6326e-08
8191,0.246094,6.00675e-08
8191,0.246582,6.40495e-08
8191,0.24707,6.8287e-08
8191,0.247559,7.27956e-08
8191,0.248047,7.75923e-08
8191,0.248535,8.26946e-08
8191,0.249023,8.81215e-08
8191,0.249512,9.38927e-08
8191,0.25,1.00029e-07
8191,0.250488,1.06554e-07
8191,0.250977,1.1349e-07
8191,0.251465,1.20862e-07
8191,0.251953,1.28697e-07
8191,0.252441,1.37022e-07
8191,0.25293,1.45868e-07
8191,0.253418,1.55266e-07
8191,0.253906,1.65248e-07
8191,0.254395,1.7585e-07
8191,0.254883,1.87109e-07
8191,0.255371,1.99064e-07
8191,0.255859,2.11756e-07
8191,0.256348,2.2523e-07
8191,0.256836,2.3953e-07
8191,0.257324,2.54707e-07
8191,0.257812,2.70812e-07
8191,0.258301,2.87898e-07
8191,0.258789,3.06025e-07
8191,0.259277,3.25252e-07
8191,0.259766,3.45644e-07
8191,0.260254,3.67269e-07
8191,0.260742,3.90197e-07
8191,0.26123,4.14505e-07
8191,0.261719,4.40273e-07
8191,0.262207,4.67584e-07
8191,0.262695,4.96527e-07
8191,0.263184,5.27195e-07
8191,0.263672,5.59688e-07
8191,0.26416,5.94109e-07
8191,0.264648,6.30569e-07
8191,0.265137,6.69182e-07
8191,0.265625,7.10071e-07
8191,0.266113,7.53364e-07
8191,0.266602,7.99197e-07
8191,0.26709,8.47712e-07
8191,0.267578,8.9906e-07
8191,0.268066,9.53399e-07
8191,0.268555,1.0109e-06
8191,0.269043,1.07173e-06
8191,0.269531,1.13608e-06
8191,0.27002,1.20414e-06
8191,0.270508,1.27612e-06
8191,0.270996,1.35224e-06
8191,0.271484,1.43271e-06
8191,0.271973,1.51779e-06
8191,0.272461,1.60771e-06
8191,0.272949,1.70276e-06
8191,0.273438,1.80319e-06
8191,0.273926,1.90931e-06
8191,0.274414,2.02143e-06
8191,0.274902,2.13986e-06
8191,0.275391,2.26494e-06
8191,0.275879,2.39704e-06
8191,0.276367,2.53653e-06
8191,0.276855,2.6838e-06
8191,0.277344,2.83926e-06
8191,0.277832,3.00336e-06
8191,0.27832,3.17654e-06
8191,0.278809,3.35929e-06
8191,0.279297,3.55211e-06
8191,0.279785,3.75553e-06
8191,0.280273,3.9701e-06
8191,0.280762,4.19641e-06
8191,0.28125,4.43506e-06
8191,0.281738,4.68671e-06
8191,0.282227,4.95201e-06
8191,0.282715,5.23168e-06
8191,0.283203,5.52646e-06
8191,0.283691,5.83711e-06
8191,0.28418,6.16446e-06
8191,0.284668,6.50935e-06
8191,0.285156,6.87269e-06
8191,0.285645,7.25539e-06
8191,0.286133,7.65846e-06
8191,0.286621,8.08291e-06
8191,0.287109,8.52982e-06
8191,0.287598,9.00032e-06
8191,0.288086,9.49559e-06
8191,0.288574,1.00169e-05
8191,0.289062,1.05654e-05
8191,0.289551,1.11427e-05
8191,0.290039,1.17499e-05
8191,0.290527,1.23888e-05
8191,0.291016,1.30607e-05
8191,0.291504,1.37674e-05
8191,0.291992,1.45105e-05
8191,0.29248,1.52919e-05
8191,0.292969,1.61132e-05
8191,0.293457,1.69766e-05
8191,0.293945,1.7884e-05
8191,0.294434,1.88376e-05
8191,0.294922,1.98396e-05
8191,0.29541,2.08922e-05
8191,0.295898,2.19979e-05
8191,0.296387,2.31593e-05
8191,0.296875,2.4379e-05
8191,0.297363,2.56596e-05
8191,0.297852,2.70043e-05
8191,0.29834,2.84158e-05
8191,0.298828,2.98974e-05
8191,0.299316,3.14523e-05
8191,0.299805,3.3084e-05
8191,0.300293,3.4796e-05
8191,0.300781,3.6592e-05
8191,0.30127,3.84759e-05
8191,0.301758,4.04518e-05
8191,0.302246,4.25238e-05
8191,0.302734,4.46964e-05
8191,0.303223,4.69742e-05
8191,0.303711,4.93619e-05
8191,0.304199,5.18646e-05
8191,0.304688,5.44873e-05
8191,0.305176,5.72356e-05
8191,0.305664,6.0115e-05
8191,0.306152,6.31313e-05
8191,0.306641,6.62908e-05
8191,0.307129,6.95998e-05
8191,0.307617,7.30648e-05
8191,0.308105,7.66927e-05
8191,0.308594,8.04908e-05
8191,0.309082,8.44665e-05
8191,0.30957,8.86275e-05
8191,0.310059,9.29819e-05
8191,0.310547,9.75382e-05
8191,0.311035,0.000102305
8191,0.311523,0.000107292
8191,0.312012,0.000112507
8191,0.3125,0.000117961
8191,0.312988,0.000123665
8191,0.313477,0.000129628
8191,0.313965,0.000135861
8191,0.314453,0.000142377
8191,0.314941,0.000149187
8191,0.31543,0.000156302
8191,0.315918,0.000163737
8191,0.316406,0.000171505
8191,0.316895,0.000179618
8191,0.317383,0.000188092
8191,0.317871,0.000196941
8191,0.318359,0.000206181
8191,0.318848,0.000215828
8191,0.319336,0.000225898
8191,0.319824,0.000236408
8191,0.320312,0.000247376
8191,0.320801,0.000258822
8191,0.321289,0.000270763
8191,0.321777,0.00028322
8191,0.322266,0.000296213
8191,0.322754,0.000309764
8191,0.323242,0.000323894
8191,0.32373,0.000338627
8191,0.324219,0.000353987
8191,0.324707,0.000369997
8191,0.325195,0.000386683
8191,0.325684,0.000404071
8191,0.326172,0.000422189
8191,0.32666,0.000441064
8191,0.327148,0.000460726
8191,0.327637,0.000481205
8191,0.328125,0.000502531
8191,0.328613,0.000524738
8191,0.329102,0.000547858
8191,0.32959,0.000571926
8191,0.330078,0.000596977
8191,0.330566,0.000623048
8191,0.331055,0.000650177
8191,0.331543,0.000678403
8191,0.332031,0.000707766
8191,0.33252,0.000738308
8191,0.333008,0.000770073
8191,0.333496,0.000803104
8191,0.333984,0.000837449
8191,0.334473,0.000873154
8191,0.334961,0.000910268
8191,0.335449,0.000948842
8191,0.335938,0.000988929
8191,0.336426,0.00103058
8191,0.336914,0.00107386
8191,0.337402,0.00111881
8191,0.337891,0.0011655
8191,0.338379,0.00121398
8191,0.338867,0.00126433
8191,0.339355,0.0013166
8191,0.339844,0.00137086
8191,0.340332,0.00142719
8191,0.34082,0.00148564
8191,0.341309,0.00154629
8191,0.341797,0.00160922
8191,0.342285,0.0016745
8191,0.342773,0.00174222
8191,0.343262,0.00181245
8191,0.34375,0.00188528
8191,0.344238,0.0019608
8191,0.344727,0.00203908
8191,0.345215,0.00212023
8191,0.345703,0.00220433
8191,0.346191,0.00229148
8191,0.34668,0.00238178
8191,0.347168,0.00247534
8191,0.347656,0.00257225
8191,0.348145,0.00267262
8191,0.348633,0.00277657
8191,0.349121,0.00288421
8191,0.349609,0.00299564
8191,0.350098,0.003111
8191,0.350586,0.0032304
8191,0.351074,0.00335397
8191,0.351562,0.00348183
8191,0.352051,0.00361412
8191,0.352539,0.00375097
8191,0.353027,0.00389251
8191,0.353516,0.0040389
8191,0.354004,0.00419027
8191,0.354492,0.00434678
8191,0.35498,0.00450857
8191,0.355469,0.00467581
8191,0.355957,0.00484865
8191,0.356445,0.00502727
8191,0.356934,0.00521182
8191,0.357422,0.00540248
8191,0.35791,0.00559942
8191,0.358398,0.00580282
8191,0.358887,0.00601286
8191,0.359375,0.00622973
8191,0.359863,0.00645362
8191,0.360352,0.00668473
8191,0.36084,0.00692325
8191,0.361328,0.0071694
8191,0.361816,0.00742338
8191,0.362305,0.0076854
8191,0.362793,0.0079557
8191,0.363281,0.00823449
8191,0.36377,0.008522
8191,0.364258,0.00881847
8191,0.364746,0.00912412
8191,0.365234,0.00943919
8191,0.365723,0.00976394
8191,0.366211,0.0100986
8191,0.366699,0.0104434
8191,0.367188,0.0107987
8191,0.367676,0.0111647
8191,0.368164,0.0115416
8191,0.368652,0.0119298
8191,0.369141,0.0123295
8191,0.369629,0.0127411
8191,0.370117,0.0131647
8191,0.370605,0.0136008
8191,0.371094,0.0140496
8191,0.371582,0.0145114
8191,0.37207,0.0149866
8191,0.372559,0.0154754
8191,0.373047,0.0159781
8191,0.373535,0.0164952
8191,0.374023,0.0170268
8191,0.374512,0.0175735
8191,0.375,0.0181354
8191,0.375488,0.0187129
8191,0.375977,0.0193065
8191,0.376465,0.0199164
8191,0.376953,0.0205431
8191,0.377441,0.0211868
8191,0.37793,0.0218481
8191,0.378418,0.0225273
8191,0.378906,0.0232247
8191,0.379395,0.0239407
8191,0.379883,0.0246758
8191,0.380371,0.0254303
8191,0.380859,0.0262046
8191,0.381348,0.0269992
8191,0.381836,0.0278144
8191,0.382324,0.0286506
8191,0.382812,0.0295083
8191,0.383301,0.030388
8191,0.383789,0.0312899
8191,0.384277,0.0322147
8191,0.384766,0.0331627
8191,0.385254,0.0341345
8191,0.385742,0.0351304
8191,0.38623,0.0361509
8191,0.386719,0.0371966
8191,0.387207,0.0382677
8191,0.387695,0.0393649
8191,0.388184,0.0404885
8191,0.388672,0.0416391
8191,0.38916,0.042817
8191,0.389648,0.0440228
8191,0.390137,0.0452569
8191,0.390625,0.0465198
8191,0.391113,0.047812
8191,0.391602,0.049134
8191,0.39209,0.0504863
8191,0.392578,0.0518695
8191,0.393066,0.0532841
8191,0.393555,0.0547305
8191,0.394043,0.0562094
8191,0.394531,0.0577211
8191,0.39502,0.0592663
8191,0.395508,0.0608453
8191,0.395996,0.0624587
8191,0.396484,0.064107
8191,0.396973,0.0657906
8191,0.397461,0.0675101
8191,0.397949,0.0692659
8191,0.398438,0.0710584
8191,0.398926,0.0728884
8191,0.399414,0.0747561
8191,0.399902,0.0766622
8191,0.400391,0.0786073
8191,0.400879,0.0805918
8191,0.401367,0.0826163
8191,0.401855,0.0846813
8191,0.402344,0.0867873
8191,0.402832,0.0889349
8191,0.40332,0.0911245
8191,0.403809,0.0933565
8191,0.404297,0.0956315
8191,0.404785,0.0979499
8191,0.405273,0.100312
8191,0.405762,0.102718
8191,0.40625,0.105169
8191,0.406738,0.107665
8191,0.407227,0.110207
8191,0.407715,0.112795
8191,0.408203,0.115429
8191,0.408691,0.118109
8191,0.40918,0.120838
8191,0.409668,0.123614
8191,0.410156,0.126438
8191,0.410645,0.129312
8191,0.411133,0.132234
8191,0.411621,0.135206
8191,0.412109,0.138229
8191,0.412598,0.141301
8191,0.413086,0.144424
8191,0.413574,0.147598
8191,0.414062,0.150823
8191,0.414551,0.154099
8191,0.415039,0.157427
8191,0.415527,0.160807
8191,0.416016,0.164238
8191,0.416504,0.167722
8191,0.416992,0.171259
8191,0.41748,0.174849
8191,0.417969,0.178492
8191,0.418457,0.182188
8191,0.418945,0.185938
8191,0.419434,0.189743
8191,0.419922,0.193601
8191,0.42041,0.197515
8191,0.420898,0.201482
8191,0.421387,0.205505
8191,0.421875,0.209583
8191,0.422363,0.213715
8191,0.422852,0.217902
8191,0.42334,0.222143
8191,0.423828,0.226439
8191,0.424316,0.230789
8191,0.424805,0.235194
8191,0.425293,0.239652
8191,0.425781,0.244165
8191,0.42627,0.248732
8191,0.426758,0.253352
8191,0.427246,0.258027
8191,0.427734,0.262755
8191,0.428223,0.267538
8191,0.428711,0.272374
8191,0.429199,0.277264
8191,0.429688,0.282208
8191,0.430176,0.287205
8191,0.430664,0.292255
8191,0.431152,0.297359
8191,0.431641,0.302514
8191,0.432129,0.307722
8191,0.432617,0.31298
8191,0.433105,0.31829
8191,0.433594,0.323649
8191,0.434082,0.329057
8191,0.43457,0.334515
8191,0.435059,0.34002
8191,0.435547,0.345572
8191,0.436035,0.351172
8191,0.436523,0.356817
8191,0.437012,0.362509
8191,0.4375,0.368245
8191,0.437988,0.374027
8191,0.438477,0.379853
8191,0.438965,0.385723
8191,0.439453,0.391635
8191,0.439941,0.397591
8191,0.44043,0.403589
8191,0.440918,0.409628
8191,0.441406,0.415707
8191,0.441895,0.421825
8191,0.442383,0.427982
8191,0.442871,0.434175
8191,0.443359,0.440404
8191,0.443848,0.446668
8191,0.444336,0.452965
8191,0.444824,0.459293
8191,0.445312,0.465651
8191,0.445801,0.472038
8191,0.446289,0.478453
8191,0.446777,0.484895
8191,0.447266,0.491361
8191,0.447754,0.497852
8191,0.448242,0.504366
8191,0.44873,0.510902
8191,0.449219,0.51746
8191,0.449707,0.524037
8191,0.450195,0.530634
8191,0.450684,0.537249
8191,0.451172,0.543881
8191,0.45166,0.550528
8191,0.452148,0.557191
8191,0.452637,0.563866
8191,0.453125,0.570553
8191,0.453613,0.57725
8191,0.454102,0.583954
8191,0.45459,0.590665
8191,0.455078,0.59738
8191,0.455566,0.604097
8191,0.456055,0.610815
8191,0.456543,0.61753
8191,0.457031,0.624241
8191,0.45752,0.630946
8191,0.458008,0.637642
8191,0.458496,0.644329
8191,0.458984,0.651005
8191,0.459473,0.657667
8191,0.459961,0.664314
8191,0.460449,0.670945
8191,0.460938,0.677558
8191,0.461426,0.684152
8191,0.461914,0.690725
8191,0.462402,0.697277
8191,0.462891,0.703805
8191,0.463379,0.710309
8191,0.463867,0.716788
8191,0.464355,0.723239
8191,0.464844,0.729661
8191,0.465332,0.736052
8191,0.46582,0.742411
8191,0.466309,0.748736
8191,0.466797,0.755024
8191,0.467285,0.761274
8191,0.467773,0.767482
8191,0.468262,0.773648
8191,0.46875,0.779768
8191,0.469238,0.78584
8191,0.469727,0.791861
8191,0.470215,0.79783
8191,0.470703,0.803743
8191,0.471191,0.809599
8191,0.47168,0.815395
8191,0.472168,0.821129
8191,0.472656,0.826799
8191,0.473145,0.832403
8191,0.473633,0.83794
8191,0.474121,0.843407
8191,0.474609,0.848803
8191,0.475098,0.854128
8191,0.475586,0.859378
8191,0.476074,0.864554
8191,0.476562,0.869654
8191,0.477051,0.874677
8191,0.477539,0.879622
8191,0.478027,0.884488
8191,0.478516,0.889274
8191,0.479004,0.893978
8191,0.479492,0.8986
8191,0.47998,0.903139
8191,0.480469,0.907593
8191,0.480957,0.911961
8191,0.481445,0.916242
8191,0.481934,0.920435
8191,0.482422,0.924538
8191,0.48291,0.928549
8191,0.483398,0.932467
8191,0.483887,0.936291
8191,0.484375,0.940018
8191,0.484863,0.943647
8191,0.485352,0.947176
8191,0.48584,0.950604
8191,0.486328,0.953928
8191,0.486816,0.957147
8191,0.487305,0.960259
8191,0.487793,0.963263
8191,0.488281,0.966156
8191,0.48877,0.968938
8191,0.489258,0.971606
8191,0.489746,0.974159
8191,0.490234,0.976596
8191,0.490723,0.978915
8191,0.491211,0.981116
8191,0.491699,0.983196
8191,0.492188,0.985156
8191,0.492676,0.986993
8191,0.493164,0.988708
8191,0.493652,0.9903
8191,0.494141,0.991767
8191,0.494629,0.993109
8191,0.495117,0.994327
8191,0.495605,0.995418
8191,0.496094,0.996384
8191,0.496582,0.997224
8191,0.49707,0.997937
8191,0.497559,0.998524
8191,0.498047,0.998985
8191,0.498535,0.99932
8191,0.499023,0.999528
8191,0.499512,0.99961
8191,0.5,0.999566
8191,0.500488,0.999397
8191,0.500977,0.999102
8191,0.501465,0.998683
8191,0.501953,0.998138
8191,0.502441,0.99747
8191,0.50293,0.996678
8191,0.503418,0.995763
8191,0.503906,0.994725
8191,0.504395,0.993566
8191,0.504883,0.992285
8191,0.505371,0.990883
8191,0.505859,0.989361
8191,0.506348,0.987719
8191,0.506836,0.985959
8191,0.507324,0.984081
8191,0.507812,0.982085
8191,0.508301,0.979974
8191,0.508789,0.977747
8191,0.509277,0.975405
8191,0.509766,0.97295
8191,0.510254,0.970382
8191,0.510742,0.967703
8191,0.51123,0.964913
8191,0.511719,0.962013
8191,0.512207,0.959005
8191,0.512695,0.955889
8191,0.513184,0.952668
8191,0.513672,0.949341
8191,0.51416,0.94591
8191,0.514648,0.942377
8191,0.515137,0.938742
8191,0.515625,0.935007
8191,0.516113,0.931174
8191,0.516602,0.927243
8191,0.51709,0.923216
8191,0.517578,0.919095
8191,0.518066,0.91488
8191,0.518555,0.910574
8191,0.519043,0.906177
8191,0.519531,0.901692
8191,0.52002,0.89712
8191,0.520508,0.892462
8191,0.520996,0.88772
8191,0.521484,0.882896
8191,0.521973,0.877991
8191,0.522461,0.873007
8191,0.522949,0.867946
8191,0.523438,0.862809
8191,0.523926,0.857597
8191,0.524414,0.852314
8191,0.524902,0.846959
8191,0.525391,0.841536
8191,0.525879,0.836046
8191,0.526367,0.830491
8191,0.526855,0.824872
8191,0.527344,0.819191
8191,0.527832,0.81345
8191,0.52832,0.807652
8191,0.528809,0.801797
8191,0.529297,0.795887
8191,0.529785,0.789925
8191,0.530273,0.783912
8191,0.530762,0.77785
8191,0.53125,0.771742
8191,0.531738,0.765588
8191,0.532227,0.75939
8191,0.532715,0.753151
8191,0.533203,0.746873
8191,0.533691,0.740556
8191,0.53418,0.734204
8191,0.534668,0.727818
8191,0.535156,0.721399
8191,0.535645,0.714951
8191,0.536133,0.708473
8191,0.536621,0.701969
8191,0.537109,0.69544
8191,0.537598,0.688888
8191,0.538086,0.682314
8191,0.538574,0.675722
8191,0.539062,0.669111
8191,0.539551,0.662485
8191,0.540039,0.655844
8191,0.540527,0.649191
8191,0.541016,0.642527
8191,0.541504,0.635855
8191,0.541992,0.629175
8191,0.54248,0.62249
8191,0.542969,0.615801
8191,0.543457,0.609109
8191,0.543945,0.602418
8191,0.544434,0.595727
8191,0.544922,0.589039
8191,0.54541,0.582355
8191,0.545898,0.575677
8191,0.546387,0.569007
8191,0.546875,0.562345
8191,0.547363,0.555694
8191,0.547852,0.549055
8191,0.54834,0.542429
8191,0.548828,0.535819
8191,0.549316,0.529224
8191,0.549805,0.522647
8191,0.550293,0.516089
8191,0.550781,0.509552
8191,0.55127,0.503036
8191,0.551758,0.496543
8191,0.552246,0.490074
8191,0.552734,0.483631
8191,0.553223,0.477215
8191,0.553711,0.470826
8191,0.554199,0.464467
8191,0.554688,0.458138
8191,0.555176,0.45184
8191,0.555664,0.445575
8191,0.556152,0.439343
8191,0.556641,0.433146
8191,0.557129,0.426985
8191,0.557617,0.42086
8191,0.558105,0.414772
8191,0.558594,0.408723
8191,0.559082,0.402713
8191,0.55957,0.396744
8191,0.560059,0.390815
8191,0.560547,0.384928
8191,0.561035,0.379084
8191,0.561523,0.373284
8191,0.562012,0.367527
8191,0.5625,0.361816
8191,0.562988,0.35615
8191,0.563477,0.35053
8191,0.563965,0.344957
8191,0.564453,0.339431
8191,0.564941,0.333954
8191,0.56543,0.328524
8191,0.565918,0.323144
8191,0.566406,0.317814
8191,0.566895,0.312533
8191,0.567383,0.307303
8191,0.567871,0.302124
8191,0.568359,0.296996
8191,0.568848,0.29192
8191,0.569336,0.286896
8191,0.569824,0.281924
8191,0.570312,0.277004
8191,0.570801,0.272137
8191,0.571289,0.267324
8191,0.571777,0.262564
8191,0.572266,0.257857
8191,0.572754,0.253204
8191,0.573242,0.248605
8191,0.57373,0.244059
8191,0.574219,0.239568
8191,0.574707,0.235131
8191,0.575195,0.230748
8191,0.575684,0.226419
8191,0.576172,0.222145
8191,0.57666,0.217925
8191,0.577148,0.213759
8191,0.577637,0.209647
8191,0.578125,0.20559
8191,0.578613,0.201587
8191,0.579102,0.197637
8191,0.57959,0.193742
8191,0.580078,0.1899
8191,0.580566,0.186112
8191,0.581055,0.182377
8191,0.581543,0.178696
8191,0.582031,0.175068
8191,0.58252,0.171493
8191,0.583008,0.16797
8191,0.583496,0.1645
8191,0.583984,0.161082
8191,0.584473,0.157716
8191,0.584961,0.154401
8191,0.585449,0.151138
8191,0.585938,0.147926
8191,0.586426,0.144764
8191,0.586914,0.141653
8191,0.587402,0.138593
8191,0.587891,0.135581
8191,0.588379,0.13262
8191,0.588867,0.129707
8191,0.589355,0.126843
8191,0.589844,0.124027
8191,0.590332,0.121259
8191,0.59082,0.118538
8191,0.591309,0.115864
8191,0.591797,0.113237
8191,0.592285,0.110656
8191,0.592773,0.108121
8191,0.593262,0.105631
8191,0.59375,0.103186
8191,0.594238,0.100786
8191,0.594727,0.098429
8191,0.595215,0.0961158
8191,0.595703,0.0938456
8191,0.596191,0.0916179
8191,0.59668,0.0894323
8191,0.597168,0.0872883
8191,0.597656,0.0851853
8191,0.598145,0.083123
8191,0.598633,0.0811008
8191,0.599121,0.0791182
8191,0.599609,0.0771747
8191,0.600098,0.0752699
8191,0.600586,0.0734032
8191,0.601074,0.0715742
8191,0.601562,0.0697823
8191,0.602051,0.068027
8191,0.602539,0.0663078
8191,0.603027,0.0646243
8191,0.603516,0.0629759
8191,0.604004,0.0613622
8191,0.604492,0.0597825
8191,0.60498,0.0582365
8191,0.605469,0.0567236
8191,0.605957,0.0552434
8191,0.606445,0.0537952
8191,0.606934,0.0523787
8191,0.607422,0.0509933
8191,0.60791,0.0496386
8191,0.608398,0.048314
8191,0.608887,0.0470191
8191,0.609375,0.0457533
8191,0.609863,0.0445163
8191,0.610352,0.0433075
8191,0.61084,0.0421264
8191,0.611328,0.0409725
8191,0.611816,0.0398455
8191,0.612305,0.0387447
8191,0.612793,0.0376698
8191,0.613281,0.0366204
8191,0.61377,0.0355958
8191,0.614258,0.0345958
8191,0.614746,0.0336197
8191,0.615234,0.0326673
8191,0.615723,0.031738
8191,0.616211,0.0308314
8191,0.616699,0.0299471
8191,0.617188,0.0290847
8191,0.617676,0.0282437
8191,0.618164,0.0274237
8191,0.618652,0.0266242
8191,0.619141,0.025845
8191,0.619629,0.0250855
8191,0.620117,0.0243455
8191,0.620605,0.0236244
8191,0.621094,0.0229218
8191,0.621582,0.0222375
8191,0.62207,0.0215711
8191,0.622559,0.020922
8191,0.623047,0.0202901
8191,0.623535,0.0196748
8191,0.624023,0.019076
8191,0.624512,0.0184931
8191,0.625,0.0179258
8191,0.625488,0.0173739
8191,0.625977,0.0168369
8191,0.626465,0.0163146
8191,0.626953,0.0158065
8191,0.627441,0.0153124
8191,0.62793,0.014832
8191,0.628418,0.0143649
8191,0.628906,0.0139109
8191,0.629395,0.0134695
8191,0.629883,0.0130406
8191,0.630371,0.0126239
8191,0.630859,0.012219
8191,0.631348,0.0118256
8191,0.631836,0.0114435
8191,0.632324,0.0110725
8191,0.632812,0.0107121
8191,0.633301,0.0103623
8191,0.633789,0.0100227
8191,0.634277,0.00969299
8191,0.634766,0.00937303
8191,0.635254,0.00906254
8191,0.635742,0.00876128
8191,0.63623,0.00846902
8191,0.636719,0.00818551
8191,0.637207,0.00791055
8191,0.637695,0.00764389
8191,0.638184,0.00738534
8191,0.638672,0.00713467
8191,0.63916,0.00689168
8191,0.639648,0.00665616
8191,0.640137,0.00642792
8191,0.640625,0.00620675
8191,0.641113,0.00599248
8191,0.641602,0.0057849
8191,0.64209,0.00558384
8191,0.642578,0.00538912
8191,0.643066,0.00520056
8191,0.643555,0.00501799
8191,0.644043,0.00484126
8191,0.644531,0.00467018
8191,0.64502,0.0045046
8191,0.645508,0.00434438
8191,0.645996,0.00418934
8191,0.646484,0.00403935
8191,0.646973,0.00389427
8191,0.647461,0.00375394
8191,0.647949,0.00361823
8191,0.648438,0.00348701
8191,0.648926,0.00336015
8191,0.649414,0.0032375
8191,0.649902,0.00311896
8191,0.650391,0.0030044
8191,0.650879,0.0028937
8191,0.651367,0.00278674
8191,0.651855,0.00268341
8191,0.652344,0.0025836
8191,0.652832,0.00248721
8191,0.65332,0.00239412
8191,0.653809,0.00230424
8191,0.654297,0.00221747
8191,0.654785,0.0021337
8191,0.655273,0.00205286
8191,0.655762,0.00197484
8191,0.65625,0.00189956
8191,0.656738,0.00182692
8191,0.657227,0.00175685
8191,0.657715,0.00168927
8191,0.658203,0.00162409
8191,0.658691,0.00156124
8191,0.65918,0.00150064
8191,0.659668,0.00144222
8191,0.660156,0.0013859
8191,0.660645,0.00133163
8191,0.661133,0.00127932
8191,0.661621,0.00122893
8191,0.662109,0.00118037
8191,0.662598,0.0011336
8191,0.663086,0.00108855
8191,0.663574,0.00104516
8191,0.664062,0.00100339
8191,0.664551,0.000963166
8191,0.665039,0.000924444
8191,0.665527,0.000887173
8191,0.666016,0.000851302
8191,0.666504,0.000816783
8191,0.666992,0.000783569
8191,0.66748,0.000751616
8191,0.667969,0.000720879
8191,0.668457,0.000691316
8191,0.668945,0.000662885
8191,0.669434,0.000635548
8191,0.669922,0.000609264
8191,0.67041,0.000583997
8191,0.670898,0.000559711
8191,0.671387,0.000536371
8191,0.671875,0.000513941
8191,0.672363,0.000492391
8191,0.672852,0.000471688
8191,0.67334,0.0004518
8191,0.673828,0.000432699
8191,0.674316,0.000414356
8191,0.674805,0.000396743
8191,0.675293,0.000379833
8191,0.675781,0.0003636
8191,0.67627,0.000348019
8191,0.676758,0.000333066
8191,0.677246,0.000318716
8191,0.677734,0.000304949
8191,0.678223,0.000291741
8191,0.678711,0.000279071
8191,0.679199,0.00026692
8191,0.679688,0.000255267
8191,0.680176,0.000244093
8191,0.680664,0.000233381
8191,0.681152,0.000223112
8191,0.681641,0.000213269
8191,0.682129,0.000203836
8191,0.682617,0.000194797
8191,0.683105,0.000186136
8191,0.683594,0.000177839
8191,0.684082,0.000169891
8191,0.68457,0.000162279
8191,0.685059,0.00015499
8191,0.685547,0.00014801
8191,0.686035,0.000141327
8191,0.686523,0.000134931
8191,0.687012,0.000128808
8191,0.6875,0.000122948
8191,0.687988,0.000117341
8191,0.688477,0.000111976
8191,0.688965,0.000106843
8191,0.689453,0.000101934
8191,0.689941,9.72379e-05
8191,0.69043,9.27475e-05
8191,0.690918,8.84538e-05
8191,0.691406,8.43488e-05
8191,0.691895,8.04247e-05
8191,0.692383,7.66739e-05
8191,0.692871,7.30892e-05
8191,0.693359,6.96638e-05
8191,0.693848,6.6391e-05
8191,0.694336,6.32643e-05
8191,0.694824,6.02776e-05
8191,0.695312,5.74251e-05
8191,0.695801,5.4701e-05
8191,0.696289,5.20998e-05
8191,0.696777,4.96164e-05
8191,0.697266,4.72457e-05
8191,0.697754,4.49829e-05
8191,0.698242,4.28233e-05
8191,0.69873,4.07625e-05
8191,0.699219,3.87963e-05
8191,0.699707,3.69204e-05
8191,0.700195,3.51311e-05
8191,0.700684,3.34244e-05
8191,0.701172,3.17968e-05
8191,0.70166,3.02449e-05
8191,0.702148,2.87653e-05
8191,0.702637,2.73548e-05
8191,0.703125,2.60103e-05
8191,0.703613,2.47289e-05
8191,0.704102,2.35079e-05
8191,0.70459,2.23444e-05
8191,0.705078,2.1236e-05
8191,0.705566,2.01802e-05
8191,0.706055,1.91745e-05
8191,0.706543,1.82168e-05
8191,0.707031,1.73049e-05
8191,0.70752,1.64366e-05
8191,0.708008,1.561e-05
8191,0.708496,1.48232e-05
8191,0.708984,1.40744e-05
8191,0.709473,1.33618e-05
8191,0.709961,1.26838e-05
8191,0.710449,1.20387e-05
8191,0.710938,1.14251e-05
8191,0.711426,1.08415e-05
8191,0.711914,1.02864e-05
8191,0.712402,9.75857e-06
8191,0.712891,9.25673e-06
8191,0.713379,8.77964e-06
8191,0.713867,8.32615e-06
8191,0.714355,7.89513e-06
8191,0.714844,7.48553e-06
8191,0.715332,7.09633e-06
8191,0.71582,6.72656e-06
8191,0.716309,6.37529e-06
8191,0.716797,6.04165e-06
8191,0.717285,5.72478e-06
8191,0.717773,5.42387e-06
8191,0.718262,5.13817e-06
8191,0.71875,4.86694e-06
8191,0.719238,4.60947e-06
8191,0.719727,4.3651e-06
8191,0.720215,4.13319e-06
8191,0.720703,3.91313e-06
8191,0.721191,3.70435e-06
8191,0.72168,3.50628e-06
8191,0.722168,3.31841e-06
8191,0.722656,3.14023e-06
8191,0.723145,2.97126e-06
8191,0.723633,2.81105e-06
8191,0.724121,2.65915e-06
8191,0.724609,2.51517e-06
8191,0.725098,2.37869e-06
8191,0.725586,2.24935e-06
8191,0.726074,2.12679e-06
8191,0.726562,2.01067e-06
8191,0.727051,1.90066e-06
8191,0.727539,1.79645e-06
8191,0.728027,1.69776e-06
8191,0.728516,1.60429e-06
8191,0.729004,1.51579e-06
8191,0.729492,1.432e-06
8191,0.72998,1.35268e-06
8191,0.730469,1.2776e-06
8191,0.730957,1.20654e-06
8191,0.731445,1.1393e-06
8191,0.731934,1.07568e-06
8191,0.732422,1.01549e-06
8191,0.73291,9.58549e-07
8191,0.733398,9.04696e-07
8191,0.733887,8.53766e-07
8191,0.734375,8.05607e-07
8191,0.734863,7.60074e-07
8191,0.735352,7.17028e-07
8191,0.73584,6.76339e-07
8191,0.736328,6.37883e-07
8191,0.736816,6.01542e-07
8191,0.737305,5.67203e-07
8191,0.737793,5.34761e-07
8191,0.738281,5.04114e-07
8191,0.73877,4.75166e-07
8191,0.739258,4.47828e-07
8191,0.739746,4.22011e-07
8191,0.740234,3.97636e-07
8191,0.740723,3.74623e-07
8191,0.741211,3.52901e-07
8191,0.741699,3.32398e-07
8191,0.742188,3.13049e-07
8191,0.742676,2.94791e-07
8191,0.743164,2.77564e-07
8191,0.743652,2.61313e-07
8191,0.744141,2.45985e-07
8191,0.744629,2.31527e-07
8191,0.745117,2.17894e-07
8191,0.745605,2.05038e-07
8191,0.746094,1.92918e-07
8191,0.746582,1.81493e-07
8191,0.74707,1.70724e-07
8191,0.747559,1.60575e-07
8191,0.748047,1.51011e-07
8191,0.748535,1.42e-07
8191,0.749023,1.33511e-07
8191,0.749512,1.25514e-07
8191,0.75,1.17982e-07
8191,0.750488,1.10889e-07
8191,0.750977,1.04209e-07
8191,0.751465,9.79209e-08
8191,0.751953,9.20008e-08
8191,0.752441,8.64283e-08
8191,0.75293,8.11836e-08
8191,0.753418,7.62481e-08
8191,0.753906,7.16041e-08
8191,0.754395,6.72349e-08
8191,0.754883,6.31248e-08
8191,0.755371,5.92589e-08
8191,0.755859,5.56231e-08
8191,0.756348,5.22041e-08
8191,0.756836,4.89894e-08
8191,0.757324,4.59672e-08
8191,0.757812,4.31263e-08
8191,0.758301,4.04562e-08
8191,0.758789,3.79468e-08
8191,0.759277,3.55888e-08
8191,0.759766,3.33734e-08
8191,0.760254,3.12922e-08
8191,0.760742,2.93372e-08
8191,0.76123,2.75011e-08
8191,0.761719,2.57768e-08
8191,0.762207,2.41578e-08
8191,0.762695,2.26378e-08
8191,0.763184,2.12108e-08
8191,0.763672,1.98715e-08
8191,0.76416,1.86145e-08
8191,0.764648,1.74349e-08
8191,0.765137,1.63281e-08
8191,0.765625,1.52898e-08
8191,0.766113,1.43158e-08
8191,0.766602,1.34022e-08
8191,0.76709,1.25454e-08
8191,0.767578,1.1742e-08
8191,0.768066,1.09888e-08
8191,0.768555,1.02826e-08
8191,0.769043,9.6207e-09
8191,0.769531,9.00031e-09
8191,0.77002,8.41892e-09
8191,0.770508,7.87415e-09
8191,0.770996,7.36375e-09
8191,0.771484,6.88562e-09
8191,0.771973,6.43776e-09
8191,0.772461,6.01832e-09
8191,0.772949,5.62553e-09
8191,0.773438,5.25775e-09
8191,0.773926,4.91343e-09
8191,0.774414,4.59111e-09
8191,0.774902,4.28943e-09
8191,0.775391,4.00709e-09
8191,0.775879,3.74289e-09
8191,0.776367,3.49569e-09
8191,0.776855,3.26443e-09
8191,0.777344,3.0481e-09
8191,0.777832,2.84578e-09
8191,0.77832,2.65656e-09
8191,0.778809,2.47963e-09
8191,0.779297,2.31421e-09
8191,0.779785,2.15957e-09
8191,0.780273,2.01502e-09
8191,0.780762,1.87992e-09
8191,0.78125,1.75367e-09
8191,0.781738,1.6357e-09
8191,0.782227,1.52549e-09
8191,0.782715,1.42254e-09
8191,0.783203,1.32637e-09
8191,0.783691,1.23656e-09
8191,0.78418,1.15269e-09
8191,0.784668,1.07438e-09
8191,0.785156,1.00128e-09
8191,0.785645,9.33035e-10
8191,0.786133,8.69339e-10
8191,0.786621,8.09896e-10
8191,0.787109,7.54427e-10
8191,0.787598,7.02673e-10
8191,0.788086,6.54392e-10
8191,0.788574,6.09356e-10
8191,0.789062,5.67351e-10
8191,0.789551,5.2818e-10
8191,0.790039,4.91654e-10
8191,0.790527,4.576e-10
8191,0.791016,4.25853e-10
8191,0.791504,3.96262e-10
8191,0.791992,3.68684e-10
8191,0.79248,3.42983e-10
8191,0.792969,3.19037e-10
8191,0.793457,2.96727e-10
8191,0.793945,2.75944e-10
8191,0.794434,2.56586e-10
8191,0.794922,2.38558e-10
8191,0.79541,2.21771e-10
8191,0.795898,2.0614e-10
8191,0.796387,1.91588e-10
8191,0.796875,1.78042e-10
8191,0.797363,1.65434e-10
8191,0.797852,1.53701e-10
8191,0.79834,1.42782e-10
8191,0.798828,1.32624e-10
8191,0.799316,1.23174e-10
8191,0.799805,1.14383e-10
8191,0.800293,1.06208e-10
8191,0.800781,9.86044e-11
8191,0.80127,9.15347e-11
8191,0.801758,8.49617e-11
8191,0.802246,7.88514e-11
8191,0.802734,7.31718e-11
8191,0.803223,6.78932e-11
8191,0.803711,6.2988e-11
8191,0.804199,5.84302e-11
8191,0.804688,5.41957e-11
8191,0.805176,5.02622e-11
8191,0.805664,4.66086e-11
8191,0.806152,4.32154e-11
8191,0.806641,4.00645e-11
8191,0.807129,3.7139e-11
8191,0.807617,3.44229e-11
8191,0.808105,3.19017e-11
8191,0.808594,2.95617e-11
8191,0.809082,2.739e-11
8191,0.80957,2.53749e-11
8191,0.810059,2.35052e-11
8191,0.810547,2.17707e-11
8191,0.811035,2.01618e-11
8191,0.811523,1.86696e-11
8191,0.812012,1.72857e-11
8191,0.8125,1.60026e-11
8191,0.812988,1.48129e-11
8191,0.813477,1.37101e-11
8191,0.813965,1.26878e-11
8191,0.814453,1.17404e-11
8191,0.814941,1.08624e-11
8191,0.81543,1.00489e-11
8191,0.815918,9.29521e-12
8191,0.816406,8.59703e-12
8191,0.816895,7.95034e-12
8191,0.817383,7.35143e-12
8191,0.817871,6.79683e-12
8191,0.818359,6.28332e-12
8191,0.818848,5.80792e-12
8191,0.819336,5.36785e-12
8191,0.819824,4.96053e-12
8191,0.820312,4.58358e-12
8191,0.820801,4.23477e-12
8191,0.821289,3.91204e-12
8191,0.821777,3.61348e-12
8191,0.822266,3.3373e-12
8191,0.822754,3.08187e-12
8191,0.823242,2.84565e-12
8191,0.82373,2.62722e-12
8191,0.824219,2.42528e-12
8191,0.824707,2.23859e-12
8191,0.825195,2.06602e-12
8191,0.825684,1.90653e-12
8191,0.826172,1.75915e-12
8191,0.82666,1.62296e-12
8191,0.827148,1.49714e-12
8191,0.827637,1.38091e-12
8191,0.828125,1.27356e-12
8191,0.828613,1.17441e-12
8191,0.829102,1.08285e-12
8191,0.82959,9.98306e-13
8191,0.830078,9.20257e-13
8191,0.830566,8.4821e-13
8191,0.831055,7.8171e-13
8191,0.831543,7.20339e-13
8191,0.832031,6.63707e-13
8191,0.83252,6.11454e-13
8191,0.833008,5.63249e-13
8191,0.833496,5.18783e-13
8191,0.833984,4.7777e-13
8191,0.834473,4.39947e-13
8191,0.834961,4.05071e-13
8191,0.835449,3.72915e-13
8191,0.835938,3.43271e-13
8191,0.836426,3.15946e-13
8191,0.836914,2.90762e-13
8191,0.837402,2.67553e-13
8191,0.837891,2.46168e-13
8191,0.838379,2.26465e-13
8191,0.838867,2.08314e-13
8191,0.839355,1.91596e-13
8191,0.839844,1.76198e-13
8191,0.840332,1.62019e-13
8191,0.84082,1.48963e-13
8191,0.841309,1.36943e-13
8191,0.841797,1.25877e-13
8191,0.842285,1.15693e-13
8191,0.842773,1.06319e-13
8191,0.843262,9.76938e-14
8191,0.84375,8.97574e-14
8191,0.844238,8.2456e-14
8191,0.844727,7.57396e-14
8191,0.845215,6.9562e-14
8191,0.845703,6.38807e-14
8191,0.846191,5.86564e-14
8191,0.84668,5.3853e-14
8191,0.847168,4.94371e-14
8191,0.847656,4.5378e-14
8191,0.848145,4.16471e-14
8191,0.848633,3.82185e-14
8191,0.849121,3.5068e-14
8191,0.849609,3.21734e-14
8191,0.850098,2.95142e-14
8191,0.850586,2.70716e-14
8191,0.851074,2.48282e-14
8191,0.851562,2.27681e-14
8191,0.852051,2.08764e-14
8191,0.852539,1.91396e-14
8191,0.853027,1.75452e-14
8191,0.853516,1.60817e-14
8191,0.854004,1.47386e-14
8191,0.854492,1.3506e-14
8191,0.85498,1.2375e-14
8191,0.855469,1.13374e-14
8191,0.855957,1.03856e-14
8191,0.856445,9.51257e-15
8191,0.856934,8.71188e-15
8191,0.857422,7.97765e-15
8191,0.85791,7.30443e-15
8191,0.858398,6.68723e-15
8191,0.858887,6.12146e-15
8191,0.859375,5.60289e-15
8191,0.859863,5.12764e-15
8191,0.860352,4.69215e-15
8191,0.86084,4.29314e-15
8191,0.861328,3.9276e-15
8191,0.861816,3.59275e-15
8191,0.862305,3.28606e-15
8191,0.862793,3.0052e-15
8191,0.863281,2.74801e-15
8191,0.86377,2.51254e-15
8191,0.864258,2.29698e-15
8191,0.864746,2.09966e-15
8191,0.865234,1.91906e-15
8191,0.865723,1.75379e-15
8191,0.866211,1.60256e-15
8191,0.866699,1.4642e-15
8191,0.867188,1.33763e-15
8191,0.867676,1.22186e-15
8191,0.868164,1.11597e-15
8191,0.868652,1.01914e-15
8191,0.869141,9.30597e-16
8191,0.869629,8.49649e-16
8191,0.870117,7.75651e-16
8191,0.870605,7.08013e-16
8191,0.871094,6.46197e-16
8191,0.871582,5.89709e-16
8191,0.87207,5.38095e-16
8191,0.872559,4.9094e-16
8191,0.873047,4.47865e-16
8191,0.873535,4.0852e-16
8191,0.874023,3.72588e-16
8191,0.874512,3.39777e-16
8191,0.875,3.09818e-16
8191,0.875488,2.82467e-16
8191,0.875977,2.57501e-16
8191,0.876465,2.34713e-16
8191,0.876953,2.13917e-16
8191,0.877441,1.9494e-16
8191,0.87793,1.77626e-16
8191,0.878418,1.6183e-16
8191,0.878906,1.47422e-16
8191,0.879395,1.3428e-16
8191,0.879883,1.22296e-16
8191,0.880371,1.11368e-16
8191,0.880859,1.01404e-16
8191,0.881348,9.23214e-17
8191,0.881836,8.4042e-17
8191,0.882324,7.64961e-17
8191,0.882812,6.96195e-17
8191,0.883301,6.33536e-17
8191,0.883789,5.76448e-17
8191,0.884277,5.24442e-17
8191,0.884766,4.77072e-17
8191,0.885254,4.33929e-17
8191,0.885742,3.94641e-17
8191,0.88623,3.58868e-17
8191,0.886719,3.26299e-17
8191,0.887207,2.96651e-17
8191,0.887695,2.69665e-17
8191,0.888184,2.45104e-17
8191,0.888672,2.22755e-17
8191,0.88916,2.02419e-17
8191,0.889648,1.83918e-17
8191,0.890137,1.67089e-17
8191,0.890625,1.51781e-17
8191,0.891113,1.37859e-17
8191,0.891602,1.252e-17
8191,0.89209,1.1369e-17
8191,0.892578,1.03225e-17
8191,0.893066,9.37133e-18
8191,0.893555,8.50676e-18
8191,0.894043,7.72104e-18
8191,0.894531,7.00706e-18
8191,0.89502,6.35836e-18
8191,0.895508,5.76903e-18
8191,0.895996,5.23371e-18
8191,0.896484,4.7475e-18
8191,0.896973,4.30595e-18
8191,0.897461,3.905e-18
8191,0.897949,3.54098e-18
8191,0.898438,3.2105e-18
8191,0.898926,2.91053e-18
8191,0.899414,2.63827e-18
8191,0.899902,2.3912e-18
8191,0.900391,2.16701e-18
8191,0.900879,1.96361e-18
8191,0.901367,1.77909e-18
8191,0.901855,1.61172e-18
8191,0.902344,1.45992e-18
8191,0.902832,1.32227e-18
8191,0.90332,1.19745e-18
8191,0.903809,1.08428e-18
8191,0.904297,9.81699e-19
8191,0.904785,8.88714e-19
8191,0.905273,8.04442e-19
8191,0.905762,7.28076e-19
8191,0.90625,6.58881e-19
8191,0.906738,5.96192e-19
8191,0.907227,5.39403e-19
8191,0.907715,4.87967e-19
8191,0.908203,4.41383e-19
8191,0.908691,3.99199e-19
8191,0.90918,3.61005e-19
8191,0.909668,3.26426e-19
8191,0.910156,2.95124e-19
8191,0.910645,2.66793e-19
8191,0.911133,2.41153e-19
8191,0.911621,2.17951e-19
8191,0.912109,1.96959e-19
8191,0.912598,1.77967e-19
8191,0.913086,1.60788e-19
8191,0.913574,1.4525e-19
8191,0.914062,1.31197e-19
8191,0.914551,1.18491e-19
8191,0.915039,1.07002e-19
8191,0.915527,9.66164e-20
8191,0.916016,8.72282e-20
8191,0.916504,7.8743e-20
8191,0.916992,7.10748e-20
8191,0.91748,6.41458e-20
8191,0.917969,5.78854e-20
8191,0.918457,5.22299e-20
8191,0.918945,4.71214e-20
8191,0.919434,4.25076e-20
8191,0.919922,3.83409e-20
8191,0.92041,3.45787e-20
8191,0.920898,3.11819e-20
8191,0.921387,2.81155e-20
8191,0.921875,2.53476e-20
8191,0.922363,2.28496e-20
8191,0.922852,2.05953e-20
8191,0.92334,1.85612e-20
8191,0.923828,1.6726e-20
8191,0.924316,1.50706e-20
8191,0.924805,1.35773e-20
8191,0.925293,1.22306e-20
8191,0.925781,1.10162e-20
8191,0.92627,9.92114e-21
8191,0.926758,8.93392e-21
8191,0.927246,8.04398e-21
8191,0.927734,7.24184e-21
8191,0.928223,6.51892e-21
8191,0.928711,5.86748e-21
8191,0.929199,5.28051e-21
8191,0.929688,4.75171e-21
8191,0.930176,4.27535e-21
8191,0.930664,3.8463e-21
8191,0.931152,3.45989e-21
8191,0.931641,3.11194e-21
8191,0.932129,2.79866e-21
8191,0.932617,2.51661e-21
8191,0.933105,2.26272e-21
8191,0.933594,2.03421e-21
8191,0.934082,1.82856e-21
8191,0.93457,1.64351e-21
8191,0.935059,1.47701e-21
8191,0.935547,1.32722e-21
8191,0.936035,1.19248e-21
8191,0.936523,1.07129e-21
8191,0.937012,9.62309e-22
8191,0.9375,8.64311e-22
8191,0.937988,7.76201e-22
8191,0.938477,6.96992e-22
8191,0.938965,6.25791e-22
8191,0.939453,5.61798e-22
8191,0.939941,5.0429e-22
8191,0.94043,4.52615e-22
8191,0.940918,4.06188e-22
8191,0.941406,3.6448e-22
8191,0.941895,3.27016e-22
8191,0.942383,2.93368e-22
8191,0.942871,2.63152e-22
8191,0.943359,2.3602e-22
8191,0.943848,2.1166e-22
8191,0.944336,1.89793e-22
8191,0.944824,1.70164e-22
8191,0.945312,1.52548e-22
8191,0.945801,1.36739e-22
8191,0.946289,1.22554e-22
8191,0.946777,1.09828e-22
8191,0.947266,9.84118e-23
8191,0.947754,8.81718e-23
8191,0.948242,7.8988e-23
8191,0.94873,7.07524e-23
8191,0.949219,6.33681e-23
8191,0.949707,5.67478e-23
8191,0.950195,5.08131e-23
8191,0.950684,4.54938e-23
8191,0.951172,4.07265e-23
8191,0.95166,3.64545e-23
8191,0.952148,3.26267e-23
8191,0.952637,2.91975e-23
8191,0.953125,2.61256e-23
8191,0.953613,2.33742e-23
8191,0.954102,2.091e-23
8191,0.95459,1.87035e-23
8191,0.955078,1.67278e-23
8191,0.955566,1.49591e-23
8191,0.956055,1.33758e-23
8191,0.956543,1.19587e-23
8191,0.957031,1.06904e-23
8191,0.95752,9.55555e-24
8191,0.958008,8.54016e-24
8191,0.958496,7.63177e-24
8191,0.958984,6.8192e-24
8191,0.959473,6.09244e-24
8191,0.959961,5.44249e-24
8191,0.960449,4.8613e-24
8191,0.960938,4.34167e-24
8191,0.961426,3.87713e-24
8191,0.961914,3.46189e-24
8191,0.962402,3.09075e-24
8191,0.962891,2.75908e-24
8191,0.963379,2.46272e-24
8191,0.963867,2.19793e-24
8191,0.964355,1.96137e-24
8191,0.964844,1.75008e-24
8191,0.965332,1.56136e-24
8191,0.96582,1.39283e-24
8191,0.966309,1.24234e-24
8191,0.966797,1.10798e-24
8191,0.967285,9.88034e-25
8191,0.967773,8.8097e-25
8191,0.968262,7.85414e-25
8191,0.96875,7.0014e-25
8191,0.969238,6.2405e-25
8191,0.969727,5.56164e-25
8191,0.970215,4.95604e-25
8191,0.970703,4.41586e-25
8191,0.971191,3.93409e-25
8191,0.97168,3.50447e-25
8191,0.972168,3.1214e-25
8191,0.972656,2.77988e-25
8191,0.973145,2.47544e-25
8191,0.973633,2.20409e-25
8191,0.974121,1.96226e-25
8191,0.974609,1.74677e-25
8191,0.975098,1.55476e-25
8191,0.975586,1.38371e-25
8191,0.976074,1.23135e-25
8191,0.976562,1.09564e-25
8191,0.977051,9.74784e-26
8191,0.977539,8.67167e-26
8191,0.978027,7.71349e-26
8191,0.978516,6.86046e-26
8191,0.979004,6.10112e-26
8191,0.979492,5.42524e-26
8191,0.97998,4.8237e-26
8191,0.980469,4.28838e-26
8191,0.980957,3.81202e-26
8191,0.981445,3.38817e-26
8191,0.981934,3.01106e-26
8191,0.982422,2.67556e-26
8191,0.98291,2.3771e-26
8191,0.983398,2.11161e-26
8191,0.983887,1.87545e-26
8191,0.984375,1.66541e-26
8191,0.984863,1.4786e-26
8191,0.985352,1.31246e-26
8191,0.98584,1.16472e-26
8191,0.986328,1.03335e-26
8191,0.986816,9.16538e-27
8191,0.987305,8.1269e-27
8191,0.987793,7.20376e-27
8191,0.988281,6.38326e-27
8191,0.98877,5.65409e-27
8191,0.989258,5.00621e-27
8191,0.989746,4.43069e-27
8191,0.990234,3.91958e-27
8191,0.990723,3.4658e-27
8191,0.991211,3.06308e-27
8191,0.991699,2.70582e-27
8191,0.992188,2.38903e-27
8191,0.992676,2.10829e-27
8191,0.993164,1.85966e-27
8191,0.993652,1.63963e-27
8191,0.994141,1.44508e-27
8191,0.994629,1.27324e-27
8191,0.995117,1.12164e-27
8191,0.995605,9.8809e-28
8191,0.996094,8.70653e-28
8191,0.996582,7.67603e-28
8191,0.99707,6.77412e-28
8191,0.997559,5.98728e-28
8191,0.998047,5.30356e-28
8191,0.998535,4.71242e-28
8191,0.999023,4.20462e-28
8191,0.999512,3.77211e-28
