8191,0,2.03721e-16
8191,0.000488281,2.09468e-16
8191,0.000976562,2.16257e-16
8191,0.00146484,2.24119e-16
8191,0.00195312,2.3309e-16
8191,0.00244141,2.43211e-16
8191,0.00292969,2.54527e-16
8191,0.00341797,2.67092e-16
8191,0.00390625,2.80961e-16
8191,0.00439453,2.96201e-16
8191,0.00488281,3.12879e-16
8191,0.00537109,3.31074e-16
8191,0.00585938,3.50867e-16
8191,0.00634766,3.72352e-16
8191,0.00683594,3.95625e-16
8191,0.00732422,4.20793e-16
8191,0.0078125,4.47973e-16
8191,0.00830078,4.77287e-16
8191,0.00878906,5.0887e-16
8191,0.00927734,5.42867e-16
8191,0.00976562,5.79431e-16
8191,0.0102539,6.18729e-16
8191,0.0107422,6.60939e-16
8191,0.0112305,7.06254e-16
8191,0.0117188,7.54877e-16
8191,0.012207,8.0703e-16
8191,0.0126953,8.62946e-16
8191,0.0131836,9.22878e-16
8191,0.0136719,9.87094e-16
8191,0.0141602,1.05588e-15
8191,0.0146484,1.12956e-15
8191,0.0151367,1.20844e-15
8191,0.015625,1.29288e-15
8191,0.0161133,1.38326e-15
8191,0.0166016,1.47999e-15
8191,0.0170898,1.58348e-15
8191,0.0175781,1.6942e-15
8191,0.0180664,1.81263e-15
8191,0.0185547,1.9393e-15
8191,0.019043,2.07477e-15
8191,0.0195312,2.21963e-15
8191,0.0200195,2.37451e-15
8191,0.0205078,2.5401e-15
8191,0.0209961,2.71711e-15
8191,0.0214844,2.90631e-15
8191,0.0219727,3.10853e-15
8191,0.0224609,3.32465e-15
8191,0.0229492,3.5556e-15
8191,0.0234375,3.80238e-15
8191,0.0239258,4.06604e-15
8191,0.0244141,4.34773e-15
8191,0.0249023,4.64866e-15
8191,0.0253906,4.97011e-15
8191,0.0258789,5.31345e-15
8191,0.0263672,5.68015e-15
8191,0.0268555,6.07178e-15
8191,0.0273438,6.48999e-15
8191,0.027832,6.93655e-15
8191,0.0283203,7.41336e-15
8191,0.0288086,7.92242e-15
8191,0.0292969,8.46589e-15
8191,0.0297852,9.04603e-15
8191,0.0302734,9.66529e-15
8191,0.0307617,1.03263e-14
8191,0.03125,1.10317e-14
8191,0.0317383,1.17845e-14
8191,0.0322266,1.25879e-14
8191,0.0327148,1.34451e-14
8191,0.0332031,1.43597e-14
8191,0.0336914,1.53356e-14
8191,0.0341797,1.63766e-14
8191,0.034668,1.74871e-14
8191,0.0351562,1.86717e-14
8191,0.0356445,1.99352e-14
8191,0.0361328,2.12827e-14
8191,0.0366211,2.27197e-14
8191,0.0371094,2.42522e-14
8191,0.0375977,2.58863e-14
8191,0.0380859,2.76286e-14
8191,0.0385742,2.94862e-14
8191,0.0390625,3.14665e-14
8191,0.0395508,3.35776e-14
8191,0.0400391,3.58278e-14
8191,0.0405273,3.82263e-14
8191,0.0410156,4.07825e-14
8191,0.0415039,4.35068e-14
8191,0.0419922,4.64099e-14
8191,0.0424805,4.95033e-14
8191,0.0429688,5.27994e-14
8191,0.043457,5.63111e-14
8191,0.0439453,6.00522e-14
8191,0.0444336,6.40376e-14
8191,0.0449219,6.82829e-14
8191,0.0454102,7.28046e-14
8191,0.0458984,7.76204e-14
8191,0.0463867,8.27493e-14
8191,0.046875,8.8211e-14
8191,0.0473633,9.40268e-14
8191,0.0478516,1.00219e-13
8191,0.0483398,1.06812e-13
8191,0.0488281,1.13831e-13
8191,0.0493164,1.21303e-13
8191,0.0498047,1.29257e-13
8191,0.050293,1.37723e-13
8191,0.0507812,1.46733e-13
8191,0.0512695,1.56323e-13
8191,0.0517578,1.66527e-13
8191,0.0522461,1.77386e-13
8191,0.0527344,1.8894e-13
8191,0.0532227,2.01233e-13
8191,0.0537109,2.14311e-13
8191,0.0541992,2.28223e-13
8191,0.0546875,2.43022e-13
8191,0.0551758,2.58764e-13
8191,0.0556641,2.75506e-13
8191,0.0561523,2.93311e-13
8191,0.0566406,3.12246e-13
8191,0.0571289,3.3238e-13
8191,0.0576172,3.53789e-13
8191,0.0581055,3.76552e-13
8191,0.0585938,4.00751e-13
8191,0.059082,4.26477e-13
8191,0.0595703,4.53823e-13
8191,0.0600586,4.8289e-13
8191,0.0605469,5.13784e-13
8191,0.0610352,5.46617e-13
8191,0.0615234,5.81509e-13
8191,0.0620117,6.18586e-13
8191,0.0625,6.57982e-13
8191,0.0629883,6.9984e-13
8191,0.0634766,7.4431e-13
8191,0.0639648,7.91552e-13
8191,0.0644531,8.41735e-13
8191,0.0649414,8.95038e-13
8191,0.0654297,9.51653e-13
8191,0.065918,1.01178e-12
8191,0.0664062,1.07563e-12
8191,0.0668945,1.14344e-12
8191,0.0673828,1.21543e-12
8191,0.0678711,1.29187e-12
8191,0.0683594,1.37303e-12
8191,0.0688477,1.45918e-12
8191,0.0693359,1.55064e-12
8191,0.0698242,1.64771e-12
8191,0.0703125,1.75075e-12
8191,0.0708008,1.8601e-12
8191,0.0712891,1.97614e-12
8191,0.0717773,2.09928e-12
8191,0.0722656,2.22994e-12
8191,0.0727539,2.36858e-12
8191,0.0732422,2.51566e-12
8191,0.0737305,2.6717e-12
8191,0.0742188,2.83721e-12
8191,0.074707,3.01278e-12
8191,0.0751953,3.199e-12
8191,0.0756836,3.39649e-12
8191,0.0761719,3.60593e-12
8191,0.0766602,3.82803e-12
8191,0.0771484,4.06353e-12
8191,0.0776367,4.31322e-12
8191,0.078125,4.57794e-12
8191,0.0786133,4.85858e-12
8191,0.0791016,5.15607e-12
8191,0.0795898,5.47141e-12
8191,0.0800781,5.80564e-12
8191,0.0805664,6.15986e-12
8191,0.0810547,6.53525e-12
8191,0.081543,6.93305e-12
8191,0.0820312,7.35456e-12
8191,0.0825195,7.80117e-12
8191,0.0830078,8.27433e-12
8191,0.0834961,8.77559e-12
8191,0.0839844,9.30659e-12
8191,0.0844727,9.86905e-12
8191,0.0849609,1.04648e-11
8191,0.0854492,1.10957e-11
8191,0.0859375,1.17639e-11
8191,0.0864258,1.24715e-11
8191,0.0869141,1.32207e-11
8191,0.0874023,1.4014e-11
8191,0.0878906,1.48539e-11
8191,0.0883789,1.5743e-11
8191,0.0888672,1.66842e-11
8191,0.0893555,1.76805e-11
8191,0.0898438,1.8735e-11
8191,0.090332,1.98511e-11
8191,0.0908203,2.10322e-11
8191,0.0913086,2.2282e-11
8191,0.0917969,2.36045e-11
8191,0.0922852,2.50039e-11
8191,0.0927734,2.64843e-11
8191,0.0932617,2.80505e-11
8191,0.09375,2.97074e-11
8191,0.0942383,3.14599e-11
8191,0.0947266,3.33135e-11
8191,0.0952148,3.5274e-11
8191,0.0957031,3.73473e-11
8191,0.0961914,3.95397e-11
8191,0.0966797,4.18581e-11
8191,0.097168,4.43093e-11
8191,0.0976562,4.69009e-11
8191,0.0981445,4.96406e-11
8191,0.0986328,5.25369e-11
8191,0.0991211,5.55983e-11
8191,0.0996094,5.88341e-11
8191,0.100098,6.2254e-11
8191,0.100586,6.58682e-11
8191,0.101074,6.96875e-11
8191,0.101562,7.37232e-11
8191,0.102051,7.79873e-11
8191,0.102539,8.24924e-11
8191,0.103027,8.72519e-11
8191,0.103516,9.22796e-11
8191,0.104004,9.75904e-11
8191,0.104492,1.032e-10
8191,0.10498,1.09124e-10
8191,0.105469,1.15381e-10
8191,0.105957,1.21988e-10
8191,0.106445,1.28964e-10
8191,0.106934,1.36331e-10
8191,0.107422,1.44108e-10
8191,0.10791,1.52319e-10
8191,0.108398,1.60986e-10
8191,0.108887,1.70135e-10
8191,0.109375,1.79791e-10
8191,0.109863,1.89983e-10
8191,0.110352,2.00739e-10
8191,0.11084,2.12089e-10
8191,0.111328,2.24066e-10
8191,0.111816,2.36703e-10
8191,0.112305,2.50036e-10
8191,0.112793,2.64101e-10
8191,0.113281,2.78939e-10
8191,0.11377,2.9459e-10
8191,0.114258,3.11099e-10
8191,0.114746,3.2851e-10
8191,0.115234,3.46872e-10
8191,0.115723,3.66235e-10
8191,0.116211,3.86653e-10
8191,0.116699,4.08181e-10
8191,0.117188,4.30878e-10
8191,0.117676,4.54807e-10
8191,0.118164,4.80032e-10
8191,0.118652,5.06621e-10
8191,0.119141,5.34646e-10
8191,0.119629,5.64184e-10
8191,0.120117,5.95312e-10
8191,0.120605,6.28116e-10
8191,0.121094,6.62681e-10
8191,0.121582,6.99101e-10
8191,0.12207,7.37472e-10
8191,0.122559,7.77897e-10
8191,0.123047,8.20481e-10
8191,0.123535,8.65337e-10
8191,0.124023,9.12584e-10
8191,0.124512,9.62344e-10
8191,0.125,1.01475e-09
8191,0.125488,1.06993e-09
8191,0.125977,1.12804e-09
8191,0.126465,1.18923e-09
8191,0.126953,1.25364e-09
8191,0.127441,1.32146e-09
8191,0.12793,1.39285e-09
8191,0.128418,1.468e-09
8191,0.128906,1.54709e-09
8191,0.129395,1.63034e-09
8191,0.129883,1.71794e-09
8191,0.130371,1.81013e-09
8191,0.130859,1.90714e-09
8191,0.131348,2.00921e-09
8191,0.131836,2.1166e-09
8191,0.132324,2.22958e-09
8191,0.132812,2.34842e-09
8191,0.133301,2.47344e-09
8191,0.133789,2.60493e-09
8191,0.134277,2.74322e-09
8191,0.134766,2.88865e-09
8191,0.135254,3.04159e-09
8191,0.135742,3.20241e-09
8191,0.13623,3.3715e-09
8191,0.136719,3.54928e-09
8191,0.137207,3.73617e-09
8191,0.137695,3.93264e-09
8191,0.138184,4.13916e-09
8191,0.138672,4.35622e-09
8191,0.13916,4.58436e-09
8191,0.139648,4.82411e-09
8191,0.140137,5.07605e-09
8191,0.140625,5.34079e-09
8191,0.141113,5.61895e-09
8191,0.141602,5.9112e-09
8191,0.14209,6.21822e-09
8191,0.142578,6.54074e-09
8191,0.143066,6.87952e-09
8191,0.143555,7.23535e-09
8191,0.144043,7.60906e-09
8191,0.144531,8.00154e-09
8191,0.14502,8.41368e-09
8191,0.145508,8.84644e-09
8191,0.145996,9.30083e-09
8191,0.146484,9.7779e-09
8191,0.146973,1.02787e-08
8191,0.147461,1.08045e-08
8191,0.147949,1.13563e-08
8191,0.148438,1.19356e-08
8191,0.148926,1.25435e-08
8191,0.149414,1.31815e-08
8191,0.149902,1.38509e-08
8191,0.150391,1.45534e-08
8191,0.150879,1.52905e-08
8191,0.151367,1.60638e-08
8191,0.151855,1.68751e-08
8191,0.152344,1.77261e-08
8191,0.152832,1.86188e-08
8191,0.15332,1.9555e-08
8191,0.153809,2.0537e-08
8191,0.154297,2.15668e-08
8191,0.154785,2.26467e-08
8191,0.155273,2.3779e-08
8191,0.155762,2.49663e-08
8191,0.15625,2.6211e-08
8191,0.156738,2.75159e-08
8191,0.157227,2.88838e-08
8191,0.157715,3.03177e-08
8191,0.158203,3.18205e-08
8191,0.158691,3.33955e-08
8191,0.15918,3.50462e-08
8191,0.159668,3.67758e-08
8191,0.160156,3.85883e-08
8191,0.160645,4.04872e-08
8191,0.161133,4.24767e-08
8191,0.161621,4.4561e-08
8191,0.162109,4.67442e-08
8191,0.162598,4.90312e-08
8191,0.163086,5.14265e-08
8191,0.163574,5.39351e-08
8191,0.164062,5.65622e-08
8191,0.164551,5.93132e-08
8191,0.165039,6.21938e-08
8191,0.165527,6.52098e-08
8191,0.166016,6.83674e-08
8191,0.166504,7.1673e-08
8191,0.166992,7.51332e-08
8191,0.16748,7.87552e-08
8191,0.167969,8.25461e-08
8191,0.168457,8.65136e-08
8191,0.168945,9.06655e-08
8191,0.169434,9.50102e-08
8191,0.169922,9.95563e-08
8191,0.17041,1.04313e-07
8191,0.170898,1.09289e-07
8191,0.171387,1.14495e-07
8191,0.171875,1.19941e-07
8191,0.172363,1.25637e-07
8191,0.172852,1.31594e-07
8191,0.17334,1.37825e-07
8191,0.173828,1.4434e-07
8191,0.174316,1.51154e-07
8191,0.174805,1.58278e-07
8191,0.175293,1.65726e-07
8191,0.175781,1.73514e-07
8191,0.17627,1.81655e-07
8191,0.176758,1.90164e-07
8191,0.177246,1.99059e-07
8191,0.177734,2.08355e-07
8191,0.178223,2.18071e-07
8191,0.178711,2.28224e-07
8191,0.179199,2.38834e-07
8191,0.179688,2.49919e-07
8191,0.180176,2.61502e-07
8191,0.180664,2.73602e-07
8191,0.181152,2.86243e-07
8191,0.181641,2.99447e-07
8191,0.182129,3.13239e-07
8191,0.182617,3.27643e-07
8191,0.183105,3.42687e-07
8191,0.183594,3.58396e-07
8191,0.184082,3.74801e-07
8191,0.18457,3.91929e-07
8191,0.185059,4.09812e-07
8191,0.185547,4.28482e-07
8191,0.186035,4.47971e-07
8191,0.186523,4.68315e-07
8191,0.187012,4.89549e-07
8191,0.1875,5.11711e-07
8191,0.187988,5.3484e-07
8191,0.188477,5.58975e-07
8191,0.188965,5.8416e-07
8191,0.189453,6.10438e-07
8191,0.189941,6.37854e-07
8191,0.19043,6.66456e-07
8191,0.190918,6.96293e-07
8191,0.191406,7.27416e-07
8191,0.191895,7.59877e-07
8191,0.192383,7.93733e-07
8191,0.192871,8.29041e-07
8191,0.193359,8.6586e-07
8191,0.193848,9.04252e-07
8191,0.194336,9.44282e-07
8191,0.194824,9.86017e-07
8191,0.195312,1.02952e-06
8191,0.195801,1.07488e-06
8191,0.196289,1.12216e-06
8191,0.196777,1.17143e-06
8191,0.197266,1.22278e-06
8191,0.197754,1.2763e-06
8191,0.198242,1.33207e-06
8191,0.19873,1.39018e-06
8191,0.199219,1.45073e-06
8191,0.199707,1.51381e-06
8191,0.200195,1.57953e-06
8191,0.200684,1.64798e-06
8191,0.201172,1.71929e-06
8191,0.20166,1.79355e-06
8191,0.202148,1.8709e-06
8191,0.202637,1.95145e-06
8191,0.203125,2.03532e-06
8191,0.203613,2.12266e-06
8191,0.204102,2.21359e-06
8191,0.20459,2.30826e-06
8191,0.205078,2.40681e-06
8191,0.205566,2.5094e-06
8191,0.206055,2.61618e-06
8191,0.206543,2.72732e-06
8191,0.207031,2.84298e-06
8191,0.20752,2.96335e-06
8191,0.208008,3.0886e-06
8191,0.208496,3.21892e-06
8191,0.208984,3.35452e-06
8191,0.209473,3.49558e-06
8191,0.209961,3.64233e-06
8191,0.210449,3.79498e-06
8191,0.210938,3.95375e-06
8191,0.211426,4.11889e-06
8191,0.211914,4.29063e-06
8191,0.212402,4.46922e-06
8191,0.212891,4.65493e-06
8191,0.213379,4.84802e-06
8191,0.213867,5.04877e-06
8191,0.214355,5.25748e-06
8191,0.214844,5.47444e-06
8191,0.215332,5.69996e-06
8191,0.21582,5.93436e-06
8191,0.216309,6.17798e-06
8191,0.216797,6.43117e-06
8191,0.217285,6.69426e-06
8191,0.217773,6.96765e-06
8191,0.218262,7.2517e-06
8191,0.21875,7.54681e-06
8191,0.219238,7.85339e-06
8191,0.219727,8.17187e-06
8191,0.220215,8.50268e-06
8191,0.220703,8.84627e-06
8191,0.221191,9.20312e-06
8191,0.22168,9.5737e-06
8191,0.222168,9.95853e-06
8191,0.222656,1.03581e-05
8191,0.223145,1.0773e-05
8191,0.223633,1.12037e-05
8191,0.224121,1.16509e-05
8191,0.224609,1.2115e-05
8191,0.225098,1.25968e-05
8191,0.225586,1.30969e-05
8191,0.226074,1.36158e-05
8191,0.226562,1.41544e-05
8191,0.227051,1.47132e-05
8191,0.227539,1.52931e-05
8191,0.228027,1.58947e-05
8191,0.228516,1.65189e-05
8191,0.229004,1.71664e-05
8191,0.229492,1.7838e-05
8191,0.22998,1.85347e-05
8191,0.230469,1.92572e-05
8191,0.230957,2.00065e-05
8191,0.231445,2.07836e-05
8191,0.231934,2.15894e-05
8191,0.232422,2.24248e-05
8191,0.23291,2.3291e-05
8191,0.233398,2.4189e-05
8191,0.233887,2.51199e-05
8191,0.234375,2.60848e-05
8191,0.234863,2.7085e-05
8191,0.235352,2.81215e-05
8191,0.23584,2.91957e-05
8191,0.236328,3.03089e-05
8191,0.236816,3.14623e-05
8191,0.237305,3.26574e-05
8191,0.237793,3.38956e-05
8191,0.238281,3.51783e-05
8191,0.23877,3.6507e-05
8191,0.239258,3.78833e-05
8191,0.239746,3.93088e-05
8191,0.240234,4.07852e-05
8191,0.240723,4.23141e-05
8191,0.241211,4.38972e-05
8191,0.241699,4.55365e-05
8191,0.242188,4.72338e-05
8191,0.242676,4.89909e-05
8191,0.243164,5.081e-05
8191,0.243652,5.26929e-05
8191,0.244141,5.46419e-05
8191,0.244629,5.6659e-05
8191,0.245117,5.87466e-05
8191,0.245605,6.0907e-05
8191,0.246094,6.31424e-05
8191,0.246582,6.54554e-05
8191,0.24707,6.78485e-05
8191,0.247559,7.03242e-05
8191,0.248047,7.28852e-05
8191,0.248535,7.55343e-05
8191,0.249023,7.82744e-05
8191,0.249512,8.11082e-05
8191,0.25,8.40389e-05
8191,0.250488,8.70695e-05
8191,0.250977,9.02031e-05
8191,0.251465,9.34431e-05
8191,0.251953,9.67929e-05
8191,0.252441,0.000100256
8191,0.25293,0.000103836
8191,0.253418,0.000107536
8191,0.253906,0.00011136
8191,0.254395,0.000115312
8191,0.254883,0.000119397
8191,0.255371,0.000123618
8191,0.255859,0.000127979
8191,0.256348,0.000132484
8191,0.256836,0.000137139
8191,0.257324,0.000141948
8191,0.257812,0.000146916
8191,0.258301,0.000152046
8191,0.258789,0.000157345
8191,0.259277,0.000162818
8191,0.259766,0.000168469
8191,0.260254,0.000174305
8191,0.260742,0.00018033
8191,0.26123,0.00018655
8191,0.261719,0.000192972
8191,0.262207,0.000199602
8191,0.262695,0.000206445
8191,0.263184,0.000213507
8191,0.263672,0.000220797
8191,0.26416,0.000228319
8191,0.264648,0.000236081
8191,0.265137,0.000244091
8191,0.265625,0.000252355
8191,0.266113,0.00026088
8191,0.266602,0.000269676
8191,0.26709,0.000278748
8191,0.267578,0.000288106
8191,0.268066,0.000297758
8191,0.268555,0.000307712
8191,0.269043,0.000317976
8191,0.269531,0.000328561
8191,0.27002,0.000339474
8191,0.270508,0.000350726
8191,0.270996,0.000362326
8191,0.271484,0.000374284
8191,0.271973,0.00038661
8191,0.272461,0.000399314
8191,0.272949,0.000412407
8191,0.273438,0.000425901
8191,0.273926,0.000439805
8191,0.274414,0.000454132
8191,0.274902,0.000468894
8191,0.275391,0.000484102
8191,0.275879,0.000499769
8191,0.276367,0.000515908
8191,0.276855,0.000532531
8191,0.277344,0.000549652
8191,0.277832,0.000567284
8191,0.27832,0.000585442
8191,0.278809,0.000604139
8191,0.279297,0.00062339
8191,0.279785,0.000643211
8191,0.280273,0.000663616
8191,0.280762,0.000684621
8191,0.28125,0.000706243
8191,0.281738,0.000728497
8191,0.282227,0.000751401
8191,0.282715,0.000774972
8191,0.283203,0.000799226
8191,0.283691,0.000824184
8191,0.28418,0.000849862
8191,0.284668,0.00087628
8191,0.285156,0.000903456
8191,0.285645,0.000931412
8191,0.286133,0.000960166
8191,0.286621,0.00098974
8191,0.287109,0.00102015
8191,0.287598,0.00105143
8191,0.288086,0.00108359
8191,0.288574,0.00111666
8191,0.289062,0.00115066
8191,0.289551,0.00118561
8191,0.290039,0.00122154
8191,0.290527,0.00125847
8191,0.291016,0.00129643
8191,0.291504,0.00133544
8191,0.291992,0.00137553
8191,0.29248,0.00141672
8191,0.292969,0.00145905
8191,0.293457,0.00150254
8191,0.293945,0.00154722
8191,0.294434,0.00159312
8191,0.294922,0.00164027
8191,0.29541,0.00168869
8191,0.295898,0.00173843
8191,0.296387,0.00178951
8191,0.296875,0.00184196
8191,0.297363,0.00189582
8191,0.297852,0.00195112
8191,0.29834,0.00200789
8191,0.298828,0.00206617
8191,0.299316,0.002126
8191,0.299805,0.00218741
8191,0.300293,0.00225044
8191,0.300781,0.00231513
8191,0.30127,0.00238151
8191,0.301758,0.00244962
8191,0.302246,0.00251951
8191,0.302734,0.00259122
8191,0.303223,0.00266478
8191,0.303711,0.00274024
8191,0.304199,0.00281764
8191,0.304688,0.00289703
8191,0.305176,0.00297845
8191,0.305664,0.00306195
8191,0.306152,0.00314758
8191,0.306641,0.00323537
8191,0.307129,0.00332539
8191,0.307617,0.00341767
8191,0.308105,0.00351227
8191,0.308594,0.00360924
8191,0.309082,0.00370863
8191,0.30957,0.0038105
8191,0.310059,0.0039149
8191,0.310547,0.00402187
8191,0.311035,0.00413149
8191,0.311523,0.0042438
8191,0.312012,0.00435886
8191,0.3125,0.00447674
8191,0.312988,0.00459748
8191,0.313477,0.00472116
8191,0.313965,0.00484783
8191,0.314453,0.00497755
8191,0.314941,0.0051104
8191,0.31543,0.00524642
8191,0.315918,0.0053857
8191,0.316406,0.00552829
8191,0.316895,0.00567426
8191,0.317383,0.00582369
8191,0.317871,0.00597664
8191,0.318359,0.00613318
8191,0.318848,0.00629339
8191,0.319336,0.00645734
8191,0.319824,0.00662511
8191,0.320312,0.00679676
8191,0.320801,0.00697238
8191,0.321289,0.00715204
8191,0.321777,0.00733583
8191,0.322266,0.00752382
8191,0.322754,0.0077161
8191,0.323242,0.00791274
8191,0.32373,0.00811383
8191,0.324219,0.00831946
8191,0.324707,0.00852972
8191,0.325195,0.00874468
8191,0.325684,0.00896444
8191,0.326172,0.00918909
8191,0.32666,0.00941872
8191,0.327148,0.00965343
8191,0.327637,0.00989329
8191,0.328125,0.0101384
8191,0.328613,0.0103889
8191,0.329102,0.0106448
8191,0.32959,0.0109063
8191,0.330078,0.0111735
8191,0.330566,0.0114464
8191,0.331055,0.0117251
8191,0.331543,0.0120098
8191,0.332031,0.0123006
8191,0.33252,0.0125975
8191,0.333008,0.0129008
8191,0.333496,0.0132104
8191,0.333984,0.0135265
8191,0.334473,0.0138492
8191,0.334961,0.0141786
8191,0.335449,0.0145149
8191,0.335938,0.0148581
8191,0.336426,0.0152084
8191,0.336914,0.0155658
8191,0.337402,0.0159306
8191,0.337891,0.0163028
8191,0.338379,0.0166825
8191,0.338867,0.0170699
8191,0.339355,0.0174651
8191,0.339844,0.0178682
8191,0.340332,0.0182793
8191,0.34082,0.0186986
8191,0.341309,0.0191262
8191,0.341797,0.0195623
8191,0.342285,0.0200068
8191,0.342773,0.0204601
8191,0.343262,0.0209222
8191,0.34375,0.0213933
8191,0.344238,0.0218734
8191,0.344727,0.0223628
8191,0.345215,0.0228616
8191,0.345703,0.0233698
8191,0.346191,0.0238877
8191,0.34668,0.0244154
8191,0.347168,0.0249531
8191,0.347656,0.0255008
8191,0.348145,0.0260587
8191,0.348633,0.026627
8191,0.349121,0.0272058
8191,0.349609,0.0277953
8191,0.350098,0.0283956
8191,0.350586,0.0290068
8191,0.351074,0.0296292
8191,0.351562,0.0302628
8191,0.352051,0.0309078
8191,0.352539,0.0315644
8191,0.353027,0.0322327
8191,0.353516,0.0329129
8191,0.354004,0.0336051
8191,0.354492,0.0343095
8191,0.35498,0.0350262
8191,0.355469,0.0357554
8191,0.355957,0.0364973
8191,0.356445,0.037252
8191,0.356934,0.0380197
8191,0.357422,0.0388006
8191,0.35791,0.0395947
8191,0.358398,0.0404023
8191,0.358887,0.0412235
8191,0.359375,0.0420585
8191,0.359863,0.0429074
8191,0.360352,0.0437704
8191,0.36084,0.0446478
8191,0.361328,0.0455395
8191,0.361816,0.0464458
8191,0.362305,0.0473669
8191,0.362793,0.048303
8191,0.363281,0.0492541
8191,0.36377,0.0502205
8191,0.364258,0.0512023
8191,0.364746,0.0521996
8191,0.365234,0.0532127
8191,0.365723,0.0542418
8191,0.366211,0.0552869
8191,0.366699,0.0563482
8191,0.367188,0.0574259
8191,0.367676,0.0585202
8191,0.368164,0.0596313
8191,0.368652,0.0607592
8191,0.369141,0.0619042
8191,0.369629,0.0630663
8191,0.370117,0.0642459
8191,0.370605,0.065443
8191,0.371094,0.0666577
8191,0.371582,0.0678903
8191,0.37207,0.069141
8191,0.372559,0.0704098
8191,0.373047,0.0716969
8191,0.373535,0.0730024
8191,0.374023,0.0743267
8191,0.374512,0.0756696
8191,0.375,0.0770316
8191,0.375488,0.0784126
8191,0.375977,0.0798128
8191,0.376465,0.0812324
8191,0.376953,0.0826716
8191,0.377441,0.0841304
8191,0.37793,0.085609
8191,0.378418,0.0871076
8191,0.378906,0.0886263
8191,0.379395,0.0901652
8191,0.379883,0.0917244
8191,0.380371,0.0933042
8191,0.380859,0.0949046
8191,0.381348,0.0965258
8191,0.381836,0.0981679
8191,0.382324,0.099831
8191,0.382812,0.101515
8191,0.383301,0.103221
8191,0.383789,0.104948
8191,0.384277,0.106696
8191,0.384766,0.108466
8191,0.385254,0.110258
8191,0.385742,0.112071
8191,0.38623,0.113907
8191,0.386719,0.115764
8191,0.387207,0.117644
8191,0.387695,0.119546
8191,0.388184,0.12147
8191,0.388672,0.123417
8191,0.38916,0.125386
8191,0.389648,0.127377
8191,0.390137,0.129392
8191,0.390625,0.131429
8191,0.391113,0.133489
8191,0.391602,0.135572
8191,0.39209,0.137678
8191,0.392578,0.139806
8191,0.393066,0.141958
8191,0.393555,0.144133
8191,0.394043,0.146332
8191,0.394531,0.148553
8191,0.39502,0.150798
8191,0.395508,0.153066
8191,0.395996,0.155357
8191,0.396484,0.157672
8191,0.396973,0.16001
8191,0.397461,0.162371
8191,0.397949,0.164756
8191,0.398438,0.167165
8191,0.398926,0.169596
8191,0.399414,0.172052
8191,0.399902,0.17453
8191,0.400391,0.177032
8191,0.400879,0.179558
8191,0.401367,0.182107
8191,0.401855,0.184679
8191,0.402344,0.187275
8191,0.402832,0.189894
8191,0.40332,0.192536
8191,0.403809,0.195201
8191,0.404297,0.19789
8191,0.404785,0.200602
8191,0.405273,0.203336
8191,0.405762,0.206094
8191,0.40625,0.208875
8191,0.406738,0.211678
8191,0.407227,0.214504
8191,0.407715,0.217353
8191,0.408203,0.220224
8191,0.408691,0.223118
8191,0.40918,0.226034
8191,0.409668,0.228973
8191,0.410156,0.231933
8191,0.410645,0.234916
8191,0.411133,0.23792
8191,0.411621,0.240946
8191,0.412109,0.243993
8191,0.412598,0.247062
8191,0.413086,0.250152
8191,0.413574,0.253264
8191,0.414062,0.256396
8191,0.414551,0.259548
8191,0.415039,0.262722
8191,0.415527,0.265915
8191,0.416016,0.269129
8191,0.416504,0.272363
8191,0.416992,0.275616
8191,0.41748,0.278889
8191,0.417969,0.282181
8191,0.418457,0.285492
8191,0.418945,0.288822
8191,0.419434,0.29217
8191,0.419922,0.295537
8191,0.42041,0.298922
8191,0.420898,0.302324
8191,0.421387,0.305744
8191,0.421875,0.309182
8191,0.422363,0.312636
8191,0.422852,0.316106
8191,0.42334,0.319593
8191,0.423828,0.323096
8191,0.424316,0.326615
8191,0.424805,0.330149
8191,0.425293,0.333698
8191,0.425781,0.337262
8191,0.42627,0.34084
8191,0.426758,0.344433
8191,0.427246,0.348038
8191,0.427734,0.351658
8191,0.428223,0.35529
8191,0.428711,0.358934
8191,0.429199,0.362591
8191,0.429688,0.36626
8191,0.430176,0.36994
8191,0.430664,0.373631
8191,0.431152,0.377332
8191,0.431641,0.381044
8191,0.432129,0.384765
8191,0.432617,0.388496
8191,0.433105,0.392236
8191,0.433594,0.395984
8191,0.434082,0.39974
8191,0.43457,0.403503
8191,0.435059,0.407274
8191,0.435547,0.411051
8191,0.436035,0.414835
8191,0.436523,0.418624
8191,0.437012,0.422418
8191,0.4375,0.426218
8191,0.437988,0.430021
8191,0.438477,0.433828
8191,0.438965,0.437638
8191,0.439453,0.441451
8191,0.439941,0.445267
8191,0.44043,0.449083
8191,0.440918,0.452902
8191,0.441406,0.45672
8191,0.441895,0.460539
8191,0.442383,0.464358
8191,0.442871,0.468175
8191,0.443359,0.471991
8191,0.443848,0.475806
8191,0.444336,0.479617
8191,0.444824,0.483425
8191,0.445312,0.48723
8191,0.445801,0.49103
8191,0.446289,0.494826
8191,0.446777,0.498616
8191,0.447266,0.5024
8191,0.447754,0.506177
8191,0.448242,0.509948
8191,0.44873,0.513711
8191,0.449219,0.517465
8191,0.449707,0.52121
8191,0.450195,0.524946
8191,0.450684,0.528672
8191,0.451172,0.532388
8191,0.45166,0.536092
8191,0.452148,0.539784
8191,0.452637,0.543463
8191,0.453125,0.54713
8191,0.453613,0.550783
8191,0.454102,0.554422
8191,0.45459,0.558046
8191,0.455078,0.561654
8191,0.455566,0.565246
8191,0.456055,0.568822
8191,0.456543,0.57238
8191,0.457031,0.57592
8191,0.45752,0.579442
8191,0.458008,0.582945
8191,0.458496,0.586427
8191,0.458984,0.58989
8191,0.459473,0.593332
8191,0.459961,0.596752
8191,0.460449,0.60015
8191,0.460938,0.603525
8191,0.461426,0.606876
8191,0.461914,0.610204
8191,0.462402,0.613507
8191,0.462891,0.616785
8191,0.463379,0.620038
8191,0.463867,0.623264
8191,0.464355,0.626463
8191,0.464844,0.629634
8191,0.465332,0.632777
8191,0.46582,0.635892
8191,0.466309,0.638977
8191,0.466797,0.642033
8191,0.467285,0.645058
8191,0.467773,0.648052
8191,0.468262,0.651014
8191,0.46875,0.653944
8191,0.469238,0.656842
8191,0.469727,0.659706
8191,0.470215,0.662537
8191,0.470703,0.665333
8191,0.471191,0.668095
8191,0.47168,0.670821
8191,0.472168,0.673511
8191,0.472656,0.676164
8191,0.473145,0.678781
8191,0.473633,0.68136
8191,0.474121,0.683901
8191,0.474609,0.686404
8191,0.475098,0.688868
8191,0.475586,0.691292
8191,0.476074,0.693676
8191,0.476562,0.69602
8191,0.477051,0.698323
8191,0.477539,0.700585
8191,0.478027,0.702804
8191,0.478516,0.704982
8191,0.479004,0.707117
8191,0.479492,0.709209
8191,0.47998,0.711257
8191,0.480469,0.713261
8191,0.480957,0.715221
8191,0.481445,0.717136
8191,0.481934,0.719006
8191,0.482422,0.720831
8191,0.48291,0.722609
8191,0.483398,0.724342
8191,0.483887,0.726027
8191,0.484375,0.727666
8191,0.484863,0.729257
8191,0.485352,0.730801
8191,0.48584,0.732297
8191,0.486328,0.733744
8191,0.486816,0.735143
8191,0.487305,0.736493
8191,0.487793,0.737794
8191,0.488281,0.739046
8191,0.48877,0.740248
8191,0.489258,0.7414
8191,0.489746,0.742502
8191,0.490234,0.743553
8191,0.490723,0.744554
8191,0.491211,0.745504
8191,0.491699,0.746403
8191,0.492188,0.747251
8191,0.492676,0.748047
8191,0.493164,0.748792
8191,0.493652,0.749485
8191,0.494141,0.750126
8191,0.494629,0.750715
8191,0.495117,0.751252
8191,0.495605,0.751737
8191,0.496094,0.75217
8191,0.496582,0.75255
8191,0.49707,0.752877
8191,0.497559,0.753152
8191,0.498047,0.753375
8191,0.498535,0.753544
8191,0.499023,0.753661
8191,0.499512,0.753725
8191,0.5,0.753737
8191,0.500488,0.753695
8191,0.500977,0.753601
8191,0.501465,0.753454
8191,0.501953,0.753255
8191,0.502441,0.753002
8191,0.50293,0.752697
8191,0.503418,0.75234
8191,0.503906,0.75193
8191,0.504395,0.751467
8191,0.504883,0.750953
8191,0.505371,0.750386
8191,0.505859,0.749767
8191,0.506348,0.749096
8191,0.506836,0.748373
8191,0.507324,0.747598
8191,0.507812,0.746772
8191,0.508301,0.745895
8191,0.508789,0.744966
8191,0.509277,0.743987
8191,0.509766,0.742957
8191,0.510254,0.741876
8191,0.510742,0.740745
8191,0.51123,0.739563
8191,0.511719,0.738332
8191,0.512207,0.737052
8191,0.512695,0.735722
8191,0.513184,0.734343
8191,0.513672,0.732915
8191,0.51416,0.731439
8191,0.514648,0.729914
8191,0.515137,0.728342
8191,0.515625,0.726722
8191,0.516113,0.725055
8191,0.516602,0.723341
8191,0.51709,0.72158
8191,0.517578,0.719774
8191,0.518066,0.717921
8191,0.518555,0.716023
8191,0.519043,0.714081
8191,0.519531,0.712093
8191,0.52002,0.710061
8191,0.520508,0.707986
8191,0.520996,0.705867
8191,0.521484,0.703705
8191,0.521973,0.7015
8191,0.522461,0.699254
8191,0.522949,0.696965
8191,0.523438,0.694636
8191,0.523926,0.692266
8191,0.524414,0.689855
8191,0.524902,0.687405
8191,0.525391,0.684915
8191,0.525879,0.682387
8191,0.526367,0.67982
8191,0.526855,0.677215
8191,0.527344,0.674573
8191,0.527832,0.671895
8191,0.52832,0.66918
8191,0.528809,0.666429
8191,0.529297,0.663643
8191,0.529785,0.660823
8191,0.530273,0.657968
8191,0.530762,0.655079
8191,0.53125,0.652158
8191,0.531738,0.649204
8191,0.532227,0.646218
8191,0.532715,0.643201
8191,0.533203,0.640153
8191,0.533691,0.637075
8191,0.53418,0.633967
8191,0.534668,0.63083
8191,0.535156,0.627665
8191,0.535645,0.624471
8191,0.536133,0.621251
8191,0.536621,0.618003
8191,0.537109,0.61473
8191,0.537598,0.611431
8191,0.538086,0.608107
8191,0.538574,0.604758
8191,0.539062,0.601386
8191,0.539551,0.597991
8191,0.540039,0.594573
8191,0.540527,0.591134
8191,0.541016,0.587673
8191,0.541504,0.584191
8191,0.541992,0.580689
8191,0.54248,0.577168
8191,0.542969,0.573628
8191,0.543457,0.57007
8191,0.543945,0.566494
8191,0.544434,0.562901
8191,0.544922,0.559291
8191,0.54541,0.555666
8191,0.545898,0.552025
8191,0.546387,0.54837
8191,0.546875,0.544701
8191,0.547363,0.541018
8191,0.547852,0.537323
8191,0.54834,0.533615
8191,0.548828,0.529896
8191,0.549316,0.526166
8191,0.549805,0.522426
8191,0.550293,0.518675
8191,0.550781,0.514916
8191,0.55127,0.511148
8191,0.551758,0.507372
8191,0.552246,0.503588
8191,0.552734,0.499798
8191,0.553223,0.496001
8191,0.553711,0.492199
8191,0.554199,0.488392
8191,0.554688,0.48458
8191,0.555176,0.480764
8191,0.555664,0.476944
8191,0.556152,0.473122
8191,0.556641,0.469298
8191,0.557129,0.465472
8191,0.557617,0.461644
8191,0.558105,0.457816
8191,0.558594,0.453988
8191,0.559082,0.45016
8191,0.55957,0.446334
8191,0.560059,0.442509
8191,0.560547,0.438685
8191,0.561035,0.434865
8191,0.561523,0.431047
8191,0.562012,0.427233
8191,0.5625,0.423423
8191,0.562988,0.419617
8191,0.563477,0.415817
8191,0.563965,0.412022
8191,0.564453,0.408233
8191,0.564941,0.40445
8191,0.56543,0.400675
8191,0.565918,0.396906
8191,0.566406,0.393146
8191,0.566895,0.389394
8191,0.567383,0.385651
8191,0.567871,0.381917
8191,0.568359,0.378192
8191,0.568848,0.374478
8191,0.569336,0.370774
8191,0.569824,0.367081
8191,0.570312,0.363399
8191,0.570801,0.359729
8191,0.571289,0.356071
8191,0.571777,0.352425
8191,0.572266,0.348793
8191,0.572754,0.345173
8191,0.573242,0.341567
8191,0.57373,0.337976
8191,0.574219,0.334398
8191,0.574707,0.330835
8191,0.575195,0.327287
8191,0.575684,0.323754
8191,0.576172,0.320237
8191,0.57666,0.316736
8191,0.577148,0.313252
8191,0.577637,0.309784
8191,0.578125,0.306333
8191,0.578613,0.302899
8191,0.579102,0.299482
8191,0.57959,0.296083
8191,0.580078,0.292702
8191,0.580566,0.28934
8191,0.581055,0.285996
8191,0.581543,0.282671
8191,0.582031,0.279365
8191,0.58252,0.276078
8191,0.583008,0.272811
8191,0.583496,0.269564
8191,0.583984,0.266336
8191,0.584473,0.263129
8191,0.584961,0.259942
8191,0.585449,0.256775
8191,0.585938,0.25363
8191,0.586426,0.250505
8191,0.586914,0.247402
8191,0.587402,0.244319
8191,0.587891,0.241259
8191,0.588379,0.23822
8191,0.588867,0.235202
8191,0.589355,0.232207
8191,0.589844,0.229233
8191,0.590332,0.226282
8191,0.59082,0.223353
8191,0.591309,0.220447
8191,0.591797,0.217563
8191,0.592285,0.214702
8191,0.592773,0.211863
8191,0.593262,0.209047
8191,0.59375,0.206255
8191,0.594238,0.203485
8191,0.594727,0.200738
8191,0.595215,0.198015
8191,0.595703,0.195315
8191,0.596191,0.192638
8191,0.59668,0.189984
8191,0.597168,0.187354
8191,0.597656,0.184748
8191,0.598145,0.182164
8191,0.598633,0.179605
8191,0.599121,0.177068
8191,0.599609,0.174556
8191,0.600098,0.172067
8191,0.600586,0.169601
8191,0.601074,0.167159
8191,0.601562,0.164741
8191,0.602051,0.162346
8191,0.602539,0.159975
8191,0.603027,0.157628
8191,0.603516,0.155304
8191,0.604004,0.153003
8191,0.604492,0.150726
8191,0.60498,0.148472
8191,0.605469,0.146242
8191,0.605957,0.144035
8191,0.606445,0.141852
8191,0.606934,0.139692
8191,0.607422,0.137555
8191,0.60791,0.135441
8191,0.608398,0.133351
8191,0.608887,0.131283
8191,0.609375,0.129238
8191,0.609863,0.127217
8191,0.610352,0.125218
8191,0.61084,0.123242
8191,0.611328,0.121288
8191,0.611816,0.119357
8191,0.612305,0.117449
8191,0.612793,0.115563
8191,0.613281,0.113699
8191,0.61377,0.111858
8191,0.614258,0.110038
8191,0.614746,0.108241
8191,0.615234,0.106465
8191,0.615723,0.104711
8191,0.616211,0.102979
8191,0.616699,0.101269
8191,0.617188,0.0995796
8191,0.617676,0.0979117
8191,0.618164,0.0962649
8191,0.618652,0.0946393
8191,0.619141,0.0930345
8191,0.619629,0.0914505
8191,0.620117,0.0898872
8191,0.620605,0.0883444
8191,0.621094,0.086822
8191,0.621582,0.0853198
8191,0.62207,0.0838377
8191,0.622559,0.0823755
8191,0.623047,0.0809332
8191,0.623535,0.0795105
8191,0.624023,0.0781074
8191,0.624512,0.0767236
8191,0.625,0.075359
8191,0.625488,0.0740135
8191,0.625977,0.0726869
8191,0.626465,0.0713791
8191,0.626953,0.0700898
8191,0.627441,0.0688191
8191,0.62793,0.0675666
8191,0.628418,0.0663322
8191,0.628906,0.0651158
8191,0.629395,0.0639172
8191,0.629883,0.0627363
8191,0.630371,0.0615728
8191,0.630859,0.0604267
8191,0.631348,0.0592978
8191,0.631836,0.0581858
8191,0.632324,0.0570907
8191,0.632812,0.0560122
8191,0.633301,0.0549503
8191,0.633789,0.0539047
8191,0.634277,0.0528753
8191,0.634766,0.0518619
8191,0.635254,0.0508643
8191,0.635742,0.0498824
8191,0.63623,0.048916
8191,0.636719,0.047965
8191,0.637207,0.0470292
8191,0.637695,0.0461083
8191,0.638184,0.0452023
8191,0.638672,0.044311
8191,0.63916,0.0434343
8191,0.639648,0.0425718
8191,0.640137,0.0417236
8191,0.640625,0.0408894
8191,0.641113,0.040069
8191,0.641602,0.0392624
8191,0.64209,0.0384692
8191,0.642578,0.0376895
8191,0.643066,0.0369229
8191,0.643555,0.0361694
8191,0.644043,0.0354288
8191,0.644531,0.0347009
8191,0.64502,0.0339855
8191,0.645508,0.0332826
8191,0.645996,0.0325919
8191,0.646484,0.0319133
8191,0.646973,0.0312466
8191,0.647461,0.0305917
8191,0.647949,0.0299485
8191,0.648438,0.0293166
8191,0.648926,0.0286961
8191,0.649414,0.0280868
8191,0.649902,0.0274884
8191,0.650391,0.0269009
8191,0.650879,0.0263241
8191,0.651367,0.0257579
8191,0.651855,0.025202
8191,0.652344,0.0246565
8191,0.652832,0.024121
8191,0.65332,0.0235955
8191,0.653809,0.0230798
8191,0.654297,0.0225738
8191,0.654785,0.0220774
8191,0.655273,0.0215903
8191,0.655762,0.0211125
8191,0.65625,0.0206438
8191,0.656738,0.0201841
8191,0.657227,0.0197333
8191,0.657715,0.0192911
8191,0.658203,0.0188576
8191,0.658691,0.0184325
8191,0.65918,0.0180156
8191,0.659668,0.017607
8191,0.660156,0.0172065
8191,0.660645,0.0168138
8191,0.661133,0.016429
8191,0.661621,0.0160518
8191,0.662109,0.0156822
8191,0.662598,0.0153201
8191,0.663086,0.0149652
8191,0.663574,0.0146175
8191,0.664062,0.0142769
8191,0.664551,0.0139433
8191,0.665039,0.0136165
8191,0.665527,0.0132964
8191,0.666016,0.0129829
8191,0.666504,0.0126759
8191,0.666992,0.0123753
8191,0.66748,0.012081
8191,0.667969,0.0117929
8191,0.668457,0.0115108
8191,0.668945,0.0112346
8191,0.669434,0.0109644
8191,0.669922,0.0106998
8191,0.67041,0.0104409
8191,0.670898,0.0101876
8191,0.671387,0.00993971
8191,0.671875,0.00969716
8191,0.672363,0.00945987
8191,0.672852,0.00922773
8191,0.67334,0.00900065
8191,0.673828,0.00877854
8191,0.674316,0.00856131
8191,0.674805,0.00834887
8191,0.675293,0.00814112
8191,0.675781,0.00793799
8191,0.67627,0.00773937
8191,0.676758,0.00754519
8191,0.677246,0.00735537
8191,0.677734,0.00716982
8191,0.678223,0.00698845
8191,0.678711,0.00681119
8191,0.679199,0.00663796
8191,0.679688,0.00646868
8191,0.680176,0.00630327
8191,0.680664,0.00614166
8191,0.681152,0.00598377
8191,0.681641,0.00582952
8191,0.682129,0.00567886
8191,0.682617,0.00553169
8191,0.683105,0.00538796
8191,0.683594,0.0052476
8191,0.684082,0.00511053
8191,0.68457,0.00497669
8191,0.685059,0.00484601
8191,0.685547,0.00471843
8191,0.686035,0.00459388
8191,0.686523,0.00447231
8191,0.687012,0.00435365
8191,0.6875,0.00423783
8191,0.687988,0.00412481
8191,0.688477,0.00401452
8191,0.688965,0.0039069
8191,0.689453,0.0038019
8191,0.689941,0.00369945
8191,0.69043,0.00359952
8191,0.690918,0.00350203
8191,0.691406,0.00340695
8191,0.691895,0.00331421
8191,0.692383,0.00322378
8191,0.692871,0.00313558
8191,0.693359,0.00304959
8191,0.693848,0.00296574
8191,0.694336,0.002884
8191,0.694824,0.00280431
8191,0.695312,0.00272663
8191,0.695801,0.00265091
8191,0.696289,0.00257712
8191,0.696777,0.0025052
8191,0.697266,0.00243512
8191,0.697754,0.00236683
8191,0.698242,0.00230029
8191,0.69873,0.00223547
8191,0.699219,0.00217232
8191,0.699707,0.0021108
8191,0.700195,0.00205088
8191,0.700684,0.00199252
8191,0.701172,0.00193569
8191,0.70166,0.00188034
8191,0.702148,0.00182645
8191,0.702637,0.00177398
8191,0.703125,0.00172289
8191,0.703613,0.00167315
8191,0.704102,0.00162474
8191,0.70459,0.00157762
8191,0.705078,0.00153175
8191,0.705566,0.00148711
8191,0.706055,0.00144367
8191,0.706543,0.0014014
8191,0.707031,0.00136028
8191,0.70752,0.00132026
8191,0.708008,0.00128134
8191,0.708496,0.00124347
8191,0.708984,0.00120664
8191,0.709473,0.00117081
8191,0.709961,0.00113597
8191,0.710449,0.00110209
8191,0.710938,0.00106914
8191,0.711426,0.0010371
8191,0.711914,0.00100596
8191,0.712402,0.000975675
8191,0.712891,0.000946238
8191,0.713379,0.000917626
8191,0.713867,0.000889815
8191,0.714355,0.000862786
8191,0.714844,0.000836519
8191,0.715332,0.000810995
8191,0.71582,0.000786193
8191,0.716309,0.000762097
8191,0.716797,0.000738686
8191,0.717285,0.000715944
8191,0.717773,0.000693854
8191,0.718262,0.000672397
8191,0.71875,0.000651558
8191,0.719238,0.00063132
8191,0.719727,0.000611667
8191,0.720215,0.000592584
8191,0.720703,0.000574056
8191,0.721191,0.000556068
8191,0.72168,0.000538605
8191,0.722168,0.000521654
8191,0.722656,0.000505201
8191,0.723145,0.000489232
8191,0.723633,0.000473734
8191,0.724121,0.000458695
8191,0.724609,0.000444102
8191,0.725098,0.000429943
8191,0.725586,0.000416205
8191,0.726074,0.000402878
8191,0.726562,0.000389951
8191,0.727051,0.000377411
8191,0.727539,0.000365249
8191,0.728027,0.000353453
8191,0.728516,0.000342015
8191,0.729004,0.000330923
8191,0.729492,0.000320168
8191,0.72998,0.000309741
8191,0.730469,0.000299632
8191,0.730957,0.000289833
8191,0.731445,0.000280334
8191,0.731934,0.000271127
8191,0.732422,0.000262205
8191,0.73291,0.000253557
8191,0.733398,0.000245178
8191,0.733887,0.000237059
8191,0.734375,0.000229192
8191,0.734863,0.000221571
8191,0.735352,0.000214188
8191,0.73584,0.000207037
8191,0.736328,0.00020011
8191,0.736816,0.000193401
8191,0.737305,0.000186904
8191,0.737793,0.000180612
8191,0.738281,0.00017452
8191,0.73877,0.000168621
8191,0.739258,0.00016291
8191,0.739746,0.000157382
8191,0.740234,0.00015203
8191,0.740723,0.00014685
8191,0.741211,0.000141836
8191,0.741699,0.000136984
8191,0.742188,0.000132288
8191,0.742676,0.000127744
8191,0.743164,0.000123348
8191,0.743652,0.000119095
8191,0.744141,0.00011498
8191,0.744629,0.000110999
8191,0.745117,0.000107149
8191,0.745605,0.000103424
8191,0.746094,9.98226e-05
8191,0.746582,9.63394e-05
8191,0.74707,9.29711e-05
8191,0.747559,8.97143e-05
8191,0.748047,8.65654e-05
8191,0.748535,8.35211e-05
8191,0.749023,8.05782e-05
8191,0.749512,7.77335e-05
8191,0.75,7.49839e-05
8191,0.750488,7.23264e-05
8191,0.750977,6.97581e-05
8191,0.751465,6.72763e-05
8191,0.751953,6.48782e-05
8191,0.752441,6.25611e-05
8191,0.75293,6.03225e-05
8191,0.753418,5.81599e-05
8191,0.753906,5.60709e-05
8191,0.754395,5.4053e-05
8191,0.754883,5.21041e-05
8191,0.755371,5.02219e-05
8191,0.755859,4.84042e-05
8191,0.756348,4.6649e-05
8191,0.756836,4.49543e-05
8191,0.757324,4.33181e-05
8191,0.757812,4.17385e-05
8191,0.758301,4.02136e-05
8191,0.758789,3.87417e-05
8191,0.759277,3.7321e-05
8191,0.759766,3.59499e-05
8191,0.760254,3.46267e-05
8191,0.760742,3.33498e-05
8191,0.76123,3.21177e-05
8191,0.761719,3.0929e-05
8191,0.762207,2.97821e-05
8191,0.762695,2.86758e-05
8191,0.763184,2.76085e-05
8191,0.763672,2.65792e-05
8191,0.76416,2.55863e-05
8191,0.764648,2.46289e-05
8191,0.765137,2.37055e-05
8191,0.765625,2.28152e-05
8191,0.766113,2.19567e-05
8191,0.766602,2.11291e-05
8191,0.76709,2.03312e-05
8191,0.767578,1.9562e-05
8191,0.768066,1.88206e-05
8191,0.768555,1.81061e-05
8191,0.769043,1.74174e-05
8191,0.769531,1.67537e-05
8191,0.77002,1.61142e-05
8191,0.770508,1.54979e-05
8191,0.770996,1.49042e-05
8191,0.771484,1.43323e-05
8191,0.771973,1.37812e-05
8191,0.772461,1.32505e-05
8191,0.772949,1.27392e-05
8191,0.773438,1.22469e-05
8191,0.773926,1.17727e-05
8191,0.774414,1.13161e-05
8191,0.774902,1.08764e-05
8191,0.775391,1.04531e-05
8191,0.775879,1.00455e-05
8191,0.776367,9.6531e-06
8191,0.776855,9.2754e-06
8191,0.777344,8.91184e-06
8191,0.777832,8.56193e-06
8191,0.77832,8.22517e-06
8191,0.778809,7.9011e-06
8191,0.779297,7.58925e-06
8191,0.779785,7.2892e-06
8191,0.780273,7.00051e-06
8191,0.780762,6.72278e-06
8191,0.78125,6.45561e-06
8191,0.781738,6.19861e-06
8191,0.782227,5.95143e-06
8191,0.782715,5.71369e-06
8191,0.783203,5.48506e-06
8191,0.783691,5.26521e-06
8191,0.78418,5.05381e-06
8191,0.784668,4.85055e-06
8191,0.785156,4.65514e-06
8191,0.785645,4.46729e-06
8191,0.786133,4.2867e-06
8191,0.786621,4.11313e-06
8191,0.787109,3.94631e-06
8191,0.787598,3.78598e-06
8191,0.788086,3.63191e-06
8191,0.788574,3.48386e-06
8191,0.789062,3.3416e-06
8191,0.789551,3.20493e-06
8191,0.790039,3.07363e-06
8191,0.790527,2.9475e-06
8191,0.791016,2.82635e-06
8191,0.791504,2.70998e-06
8191,0.791992,2.59822e-06
8191,0.79248,2.49089e-06
8191,0.792969,2.38783e-06
8191,0.793457,2.28886e-06
8191,0.793945,2.19385e-06
8191,0.794434,2.10262e-06
8191,0.794922,2.01505e-06
8191,0.79541,1.93099e-06
8191,0.795898,1.8503e-06
8191,0.796387,1.77286e-06
8191,0.796875,1.69854e-06
8191,0.797363,1.62722e-06
8191,0.797852,1.55878e-06
8191,0.79834,1.49312e-06
8191,0.798828,1.43012e-06
8191,0.799316,1.36968e-06
8191,0.799805,1.3117e-06
8191,0.800293,1.25608e-06
8191,0.800781,1.20274e-06
8191,0.80127,1.15158e-06
8191,0.801758,1.10252e-06
8191,0.802246,1.05548e-06
8191,0.802734,1.01037e-06
8191,0.803223,9.6712e-07
8191,0.803711,9.25655e-07
8191,0.804199,8.85905e-07
8191,0.804688,8.47801e-07
8191,0.805176,8.11279e-07
8191,0.805664,7.76275e-07
8191,0.806152,7.42729e-07
8191,0.806641,7.10581e-07
8191,0.807129,6.79777e-07
8191,0.807617,6.50262e-07
8191,0.808105,6.21984e-07
8191,0.808594,5.94893e-07
8191,0.809082,5.68942e-07
8191,0.80957,5.44085e-07
8191,0.810059,5.20276e-07
8191,0.810547,4.97474e-07
8191,0.811035,4.75637e-07
8191,0.811523,4.54727e-07
8191,0.812012,4.34705e-07
8191,0.8125,4.15535e-07
8191,0.812988,3.97182e-07
8191,0.813477,3.79612e-07
8191,0.813965,3.62794e-07
8191,0.814453,3.46697e-07
8191,0.814941,3.3129e-07
8191,0.81543,3.16545e-07
8191,0.815918,3.02435e-07
8191,0.816406,2.88933e-07
8191,0.816895,2.76015e-07
8191,0.817383,2.63655e-07
8191,0.817871,2.51831e-07
8191,0.818359,2.4052e-07
8191,0.818848,2.29701e-07
8191,0.819336,2.19353e-07
8191,0.819824,2.09456e-07
8191,0.820312,1.99991e-07
8191,0.820801,1.90941e-07
8191,0.821289,1.82287e-07
8191,0.821777,1.74012e-07
8191,0.822266,1.66102e-07
8191,0.822754,1.5854e-07
8191,0.823242,1.51311e-07
8191,0.82373,1.44402e-07
8191,0.824219,1.37799e-07
8191,0.824707,1.31488e-07
8191,0.825195,1.25457e-07
8191,0.825684,1.19694e-07
8191,0.826172,1.14188e-07
8191,0.82666,1.08927e-07
8191,0.827148,1.03902e-07
8191,0.827637,9.91007e-08
8191,0.828125,9.45149e-08
8191,0.828613,9.01349e-08
8191,0.829102,8.59518e-08
8191,0.82959,8.1957e-08
8191,0.830078,7.81422e-08
8191,0.830566,7.44997e-08
8191,0.831055,7.1022e-08
8191,0.831543,6.77018e-08
8191,0.832031,6.45322e-08
8191,0.83252,6.15066e-08
8191,0.833008,5.86187e-08
8191,0.833496,5.58624e-08
8191,0.833984,5.32319e-08
8191,0.834473,5.07217e-08
8191,0.834961,4.83264e-08
8191,0.835449,4.60409e-08
8191,0.835938,4.38604e-08
8191,0.836426,4.17802e-08
8191,0.836914,3.97958e-08
8191,0.837402,3.79029e-08
8191,0.837891,3.60976e-08
8191,0.838379,3.43757e-08
8191,0.838867,3.27337e-08
8191,0.839355,3.11679e-08
8191,0.839844,2.96748e-08
8191,0.840332,2.82513e-08
8191,0.84082,2.68941e-08
8191,0.841309,2.56003e-08
8191,0.841797,2.43671e-08
8191,0.842285,2.31915e-08
8191,0.842773,2.20711e-08
8191,0.843262,2.10034e-08
8191,0.84375,1.99859e-08
8191,0.844238,1.90163e-08
8191,0.844727,1.80924e-08
8191,0.845215,1.72122e-08
8191,0.845703,1.63737e-08
8191,0.846191,1.55749e-08
8191,0.84668,1.4814e-08
8191,0.847168,1.40893e-08
8191,0.847656,1.33991e-08
8191,0.848145,1.27418e-08
8191,0.848633,1.21159e-08
8191,0.849121,1.15199e-08
8191,0.849609,1.09524e-08
8191,0.850098,1.04122e-08
8191,0.850586,9.89784e-09
8191,0.851074,9.40826e-09
8191,0.851562,8.94226e-09
8191,0.852051,8.49874e-09
8191,0.852539,8.07664e-09
8191,0.853027,7.67495e-09
8191,0.853516,7.29272e-09
8191,0.854004,6.92904e-09
8191,0.854492,6.58302e-09
8191,0.85498,6.25383e-09
8191,0.855469,5.94068e-09
8191,0.855957,5.64281e-09
8191,0.856445,5.35949e-09
8191,0.856934,5.09004e-09
8191,0.857422,4.83378e-09
8191,0.85791,4.5901e-09
8191,0.858398,4.3584e-09
8191,0.858887,4.13809e-09
8191,0.859375,3.92864e-09
8191,0.859863,3.72953e-09
8191,0.860352,3.54025e-09
8191,0.86084,3.36034e-09
8191,0.861328,3.18935e-09
8191,0.861816,3.02684e-09
8191,0.862305,2.8724e-09
8191,0.862793,2.72565e-09
8191,0.863281,2.58622e-09
8191,0.86377,2.45374e-09
8191,0.864258,2.32788e-09
8191,0.864746,2.20832e-09
8191,0.865234,2.09475e-09
8191,0.865723,1.98688e-09
8191,0.866211,1.88443e-09
8191,0.866699,1.78713e-09
8191,0.867188,1.69474e-09
8191,0.867676,1.60701e-09
8191,0.868164,1.52371e-09
8191,0.868652,1.44463e-09
8191,0.869141,1.36955e-09
8191,0.869629,1.29828e-09
8191,0.870117,1.23064e-09
8191,0.870605,1.16643e-09
8191,0.871094,1.1055e-09
8191,0.871582,1.04767e-09
8191,0.87207,9.92798e-10
8191,0.872559,9.40732e-10
8191,0.873047,8.91334e-10
8191,0.873535,8.44468e-10
8191,0.874023,8.0001e-10
8191,0.874512,7.57838e-10
8191,0.875,7.17838e-10
8191,0.875488,6.79901e-10
8191,0.875977,6.43923e-10
8191,0.876465,6.09805e-10
8191,0.876953,5.77453e-10
8191,0.877441,5.46779e-10
8191,0.87793,5.17697e-10
8191,0.878418,4.90127e-10
8191,0.878906,4.63992e-10
8191,0.879395,4.39219e-10
8191,0.879883,4.15739e-10
8191,0.880371,3.93486e-10
8191,0.880859,3.72398e-10
8191,0.881348,3.52415e-10
8191,0.881836,3.3348e-10
8191,0.882324,3.1554e-10
8191,0.882812,2.98544e-10
8191,0.883301,2.82443e-10
8191,0.883789,2.67191e-10
8191,0.884277,2.52745e-10
8191,0.884766,2.39063e-10
8191,0.885254,2.26105e-10
8191,0.885742,2.13834e-10
8191,0.88623,2.02215e-10
8191,0.886719,1.91214e-10
8191,0.887207,1.80798e-10
8191,0.887695,1.70937e-10
8191,0.888184,1.61603e-10
8191,0.888672,1.52767e-10
8191,0.88916,1.44404e-10
8191,0.889648,1.36489e-10
8191,0.890137,1.28999e-10
8191,0.890625,1.21911e-10
8191,0.891113,1.15204e-10
8191,0.891602,1.08859e-10
8191,0.89209,1.02855e-10
8191,0.892578,9.71762e-11
8191,0.893066,9.1804e-11
8191,0.893555,8.67226e-11
8191,0.894043,8.19165e-11
8191,0.894531,7.73713e-11
8191,0.89502,7.3073e-11
8191,0.895508,6.90086e-11
8191,0.895996,6.51656e-11
8191,0.896484,6.15322e-11
8191,0.896973,5.80973e-11
8191,0.897461,5.48501e-11
8191,0.897949,5.17808e-11
8191,0.898438,4.88797e-11
8191,0.898926,4.61378e-11
8191,0.899414,4.35467e-11
8191,0.899902,4.10981e-11
8191,0.900391,3.87844e-11
8191,0.900879,3.65984e-11
8191,0.901367,3.45331e-11
8191,0.901855,3.2582e-11
8191,0.902344,3.07389e-11
8191,0.902832,2.8998e-11
8191,0.90332,2.73538e-11
8191,0.903809,2.5801e-11
8191,0.904297,2.43345e-11
8191,0.904785,2.29498e-11
8191,0.905273,2.16423e-11
8191,0.905762,2.04078e-11
8191,0.90625,1.92424e-11
8191,0.906738,1.81422e-11
8191,0.907227,1.71038e-11
8191,0.907715,1.61236e-11
8191,0.908203,1.51984e-11
8191,0.908691,1.43254e-11
8191,0.90918,1.35015e-11
8191,0.909668,1.27241e-11
8191,0.910156,1.19906e-11
8191,0.910645,1.12986e-11
8191,0.911133,1.06457e-11
8191,0.911621,1.00299e-11
8191,0.912109,9.44899e-12
8191,0.912598,8.9011e-12
8191,0.913086,8.38438e-12
8191,0.913574,7.89709e-12
8191,0.914062,7.43759e-12
8191,0.914551,7.00433e-12
8191,0.915039,6.59583e-12
8191,0.915527,6.21071e-12
8191,0.916016,5.84765e-12
8191,0.916504,5.50543e-12
8191,0.916992,5.18286e-12
8191,0.91748,4.87884e-12
8191,0.917969,4.59233e-12
8191,0.918457,4.32233e-12
8191,0.918945,4.06792e-12
8191,0.919434,3.82821e-12
8191,0.919922,3.60236e-12
8191,0.92041,3.38959e-12
8191,0.920898,3.18917e-12
8191,0.921387,3.00038e-12
8191,0.921875,2.82256e-12
8191,0.922363,2.65509e-12
8191,0.922852,2.49738e-12
8191,0.92334,2.34887e-12
8191,0.923828,2.20903e-12
8191,0.924316,2.07736e-12
8191,0.924805,1.95341e-12
8191,0.925293,1.83672e-12
8191,0.925781,1.72688e-12
8191,0.92627,1.62348e-12
8191,0.926758,1.52617e-12
8191,0.927246,1.43459e-12
8191,0.927734,1.34841e-12
8191,0.928223,1.26732e-12
8191,0.928711,1.19102e-12
8191,0.929199,1.11923e-12
8191,0.929688,1.05169e-12
8191,0.930176,9.88155e-13
8191,0.930664,9.28394e-13
8191,0.931152,8.72184e-13
8191,0.931641,8.19319e-13
8191,0.932129,7.69602e-13
8191,0.932617,7.22851e-13
8191,0.933105,6.78891e-13
8191,0.933594,6.37559e-13
8191,0.934082,5.987e-13
8191,0.93457,5.62169e-13
8191,0.935059,5.2783e-13
8191,0.935547,4.95552e-13
8191,0.936035,4.65215e-13
8191,0.936523,4.36704e-13
8191,0.937012,4.09911e-13
8191,0.9375,3.84734e-13
8191,0.937988,3.61077e-13
8191,0.938477,3.38851e-13
8191,0.938965,3.1797e-13
8191,0.939453,2.98355e-13
8191,0.939941,2.79929e-13
8191,0.94043,2.62623e-13
8191,0.940918,2.46369e-13
8191,0.941406,2.31104e-13
8191,0.941895,2.16769e-13
8191,0.942383,2.03309e-13
8191,0.942871,1.90671e-13
8191,0.943359,1.78806e-13
8191,0.943848,1.67667e-13
8191,0.944336,1.57211e-13
8191,0.944824,1.47396e-13
8191,0.945312,1.38185e-13
8191,0.945801,1.29539e-13
8191,0.946289,1.21426e-13
8191,0.946777,1.13812e-13
8191,0.947266,1.06669e-13
8191,0.947754,9.99665e-14
8191,0.948242,9.36785e-14
8191,0.94873,8.77797e-14
8191,0.949219,8.22465e-14
8191,0.949707,7.70565e-14
8191,0.950195,7.21889e-14
8191,0.950684,6.76238e-14
8191,0.951172,6.33429e-14
8191,0.95166,5.93288e-14
8191,0.952148,5.55651e-14
8191,0.952637,5.20363e-14
8191,0.953125,4.87282e-14
8191,0.953613,4.56271e-14
8191,0.954102,4.27203e-14
8191,0.95459,3.99959e-14
8191,0.955078,3.74424e-14
8191,0.955566,3.50495e-14
8191,0.956055,3.28072e-14
8191,0.956543,3.07061e-14
8191,0.957031,2.87375e-14
8191,0.95752,2.68932e-14
8191,0.958008,2.51655e-14
8191,0.958496,2.35471e-14
8191,0.958984,2.20311e-14
8191,0.959473,2.06113e-14
8191,0.959961,1.92816e-14
8191,0.960449,1.80364e-14
8191,0.960938,1.68705e-14
8191,0.961426,1.57787e-14
8191,0.961914,1.47566e-14
8191,0.962402,1.37997e-14
8191,0.962891,1.29039e-14
8191,0.963379,1.20654e-14
8191,0.963867,1.12806e-14
8191,0.964355,1.05461e-14
8191,0.964844,9.85877e-15
8191,0.965332,9.21556e-15
8191,0.96582,8.6137e-15
8191,0.966309,8.05059e-15
8191,0.966797,7.52377e-15
8191,0.967285,7.03094e-15
8191,0.967773,6.56994e-15
8191,0.968262,6.13875e-15
8191,0.96875,5.73547e-15
8191,0.969238,5.35832e-15
8191,0.969727,5.00564e-15
8191,0.970215,4.67586e-15
8191,0.970703,4.36753e-15
8191,0.971191,4.07928e-15
8191,0.97168,3.80981e-15
8191,0.972168,3.55792e-15
8191,0.972656,3.3225e-15
8191,0.973145,3.10247e-15
8191,0.973633,2.89686e-15
8191,0.974121,2.70474e-15
8191,0.974609,2.52523e-15
8191,0.975098,2.35753e-15
8191,0.975586,2.20087e-15
8191,0.976074,2.05455e-15
8191,0.976562,1.9179e-15
8191,0.977051,1.79029e-15
8191,0.977539,1.67115e-15
8191,0.978027,1.55991e-15
8191,0.978516,1.45608e-15
8191,0.979004,1.35918e-15
8191,0.979492,1.26876e-15
8191,0.97998,1.18439e-15
8191,0.980469,1.1057e-15
8191,0.980957,1.03231e-15
8191,0.981445,9.63885e-16
8191,0.981934,9.00105e-16
8191,0.982422,8.4067e-16
8191,0.98291,7.85304e-16
8191,0.983398,7.33748e-16
8191,0.983887,6.85757e-16
8191,0.984375,6.41107e-16
8191,0.984863,5.99587e-16
8191,0.985352,5.61001e-16
8191,0.98584,5.25166e-16
8191,0.986328,4.91911e-16
8191,0.986816,4.61079e-16
8191,0.987305,4.32523e-16
8191,0.987793,4.06106e-16
8191,0.988281,3.81702e-16
8191,0.98877,3.59194e-16
8191,0.989258,3.38474e-16
8191,0.989746,3.19442e-16
8191,0.990234,3.02006e-16
8191,0.990723,2.86082e-16
8191,0.991211,2.71593e-16
8191,0.991699,2.58469e-16
8191,0.992188,2.46646e-16
8191,0.992676,2.36065e-16
8191,0.993164,2.26675e-16
8191,0.993652,2.1843e-16
8191,0.994141,2.1129e-16
8191,0.994629,2.05218e-16
8191,0.995117,2.00185e-16
8191,0.995605,1.96165e-16
8191,0.996094,1.93137e-16
8191,0.996582,1.91086e-16
8191,0.99707,1.90001e-16
8191,0.997559,1.89874e-16
8191,0.998047,1.90705e-16
8191,0.998535,1.92496e-16
8191,0.999023,1.95253e-16
8191,0.999512,1.98989e-16
